-2.933978 -39.66225 -56.10931
-7.278935 -40.11877 -52.40456
-13.90802 -36.7344 -52.08929
-3.90601 -31.72519 48.80766
-4.173116 -30.87046 38.87186
-7.462536 -36.18675 48.94484
-8.211097 -37.50859 38.75936
-8.726096 -36.98724 29.14923
-5.476085 -42.63186 28.20427
-5.324562 -42.31725 38.46975
-5.682017 -41.15177 49.10895
-3.695356 -28.80042 88.92607
-2.959432 -28.59403 78.47104
-2.855386 -30.20286 68.63309
-3.631843 -31.59888 58.809
-0.4767106 -27.81921 128.0161
-6.248888 -39.13718 59.60575
-6.028448 -36.45657 69.74878
-5.49729 -33.34056 79.5891
-3.880635 -28.37394 99.30576
-5.655002 -37.3761 -28.93539
-5.404872 -41.08158 -11.27073
0 -22.08764 4.764974
-5.431611 -20.8179 -1.03226
-5.119529 -25.15684 12.48428
-7.92461 -24.64704 6.197275
-9.426104 -23.63354 0.8007245
-8.942663 -30.41954 20.29226
-9.633183 -28.497 13.17357
-16.06586 -28.52217 -8.352532
-14.08683 -21.16514 -11.73822
-15.70737 -33.77582 -10.70158
-15.05934 -30.94372 -16.77844
-11.86071 -36.55765 -14.37845
-12.38519 -33.62624 -21.08027
-6.693498 -39.47866 -16.71427
-7.129674 -37.68215 -22.62681
-7.64797 -42.77267 2.577003
-10.29662 -41.46819 -3.284533
-10.33405 -39.23565 -9.475241
-5.712334 -11.50169 -92.38399
-0.6247032 -16.49641 -130.6869
-2.701698 -20.78665 -136.2987
-4.422661 -7.192363 -99.38326
-5.233457 -12.08334 -105.9211
-5.006226 -12.78248 -97.70538
-0.01348611 3.73236 -96.91574
-2.770256 -25.42151 -66.11155
-3.294567 -4.738644 -89.82583
-3.931782 -4.967448 -84.42059
-3.929396 -5.113627 -77.54542
-4.117714 -5.53348 -67.2299
-12.40193 -16.52423 -60.77565
-9.874281 -9.999125 -61.27055
-7.306603 -8.972041 -86.24067
-7.953582 -9.064021 -76.98098
-4.69184 -32.03941 -61.93115
-7.505388 -21.61087 -65.12601
-9.734688 -29.00635 -60.57508
-11.97636 -21.81028 -61.77807
-4.777683 -14.20839 -85.30263
-6.665132 -12.3018 -81.03721
-4.598255 -15.32751 -77.12752
-8.269764 -10.05477 -68.85423
-4.098305 -18.61623 -70.1207
-16.61624 -19.89372 -57.23431
-26.57847 -52.78482 -59.99811
-25.31033 -47.62487 -54.29659
-30.2749 -64.34969 -72.32977
-28.74752 -59.54972 -68.72384
-19.92927 -36.96709 0.110456
-17.69995 -32.96434 -3.000559
-9.849611 -39.28954 20.11291
-13.58073 -39.67309 14.08395
-14.16472 -28.8649 1.549944
-12.28467 -29.49108 7.996661
-17.72322 -35.96487 5.534445
-12.85032 -34.62595 14.49858
-13.50124 -82.34883 9.917606
-21.43326 -55.09915 -7.468219
-12.97264 -55.42036 3.485627
-15.75599 -53.64465 -4.122566
-13.16409 -50.29904 0.7520998
-20.7496 -49.70403 -6.473227
-20.40496 -43.21754 -5.116884
-7.840728 -44.5466 9.795424
-17.41083 -37.40262 -6.550926
-14.53843 -69.28255 -2.244388
-16.16105 -64.34613 -5.260058
-14.55731 -58.50309 -1.027913
-12.14505 -51.47496 8.850757
-12.58966 -45.94596 12.79692
-7.048209 -43.3769 17.79502
-17.01295 -58.80347 6.651003
-18.88761 -51.97663 7.59376
-17.76826 -44.73767 9.654407
-22.43213 -51.41851 1.216949
-21.68115 -44.86016 2.82613
-17.57158 -67.99142 4.261204
-22.13066 -64.46297 -0.5599931
-22.67559 -58.68153 -0.5933477
-22.32604 -69.40347 -3.906364
-22.04887 -63.79989 -7.319207
-14.02059 -74.56458 5.012822
-19.30334 -75.26287 4.37727
-18.86943 -80.15193 -0.8752249
-19.10482 -69.53595 -8.102962
-19.60817 -76.45137 -6.909733
-11.84261 -90.73634 14.08415
-14.7044 -96.31535 9.844151
-29.4897 -63.4195 -62.77819
-17.8187 -121.4616 -1.8509
-20.64847 -125.4934 -3.873874
-19.57482 -131.8776 -7.075103
-16.43026 -116.7264 4.400785
-15.972 -111.1689 8.016425
-13.14809 -98.60315 16.61217
-20.78187 -23.26519 -49.59185
-21.94059 -24.90878 -54.58876
-23.87987 -32.50034 -49.68893
-15.56814 -27.44287 -59.49481
-21.66111 -28.90264 -58.81446
-18.73773 -35.70162 -56.45597
-23.48997 -41.20808 -51.43708
-12.40328 -38.21424 -45.0618
-5.119911 -42.72529 -46.45748
-8.760171 -38.2898 -39.32594
-12.93071 -31.46119 -34.29316
-12.09298 -32.12387 -28.32281
-15.28801 -26.00433 -24.59682
-16.01751 -19.36263 -26.36464
-14.78899 -26.69863 -32.31101
-16.21017 -20.33423 -33.76148
-14.99455 -31.98677 -40.07916
-16.45473 -25.70288 -38.59684
-19.77804 -29.88941 -44.50341
-19.30352 -23.05661 -44.10975
-8.463519 -3.219346 -56.48793
-6.564078 -2.355023 -48.07192
-6.603936 -15.11576 -14.95181
-3.514451 -7.180674 -28.20808
-10.42088 -6.167451 -28.49034
-3.508756 -9.791873 -23.05235
-10.38461 -9.035246 -23.74451
-9.888947 -3.205476 -36.67559
-9.785899 -1.955295 -42.60234
-17.80642 -8.571684 -46.74048
-16.36664 -14.39146 -49.94557
-12.75512 -11.08136 -56.53726
-12.90859 -24.23831 -4.489996
-9.042023 -20.11644 -6.673039
-17.4574 -18.79488 -39.18084
-18.33555 -11.45566 -39.04301
-17.90069 -14.96852 -43.49712
-17.31083 -15.09684 -35.55281
-17.44718 -13.74071 -29.0876
-12.58745 0.6065745 -49.00584
-14.94393 -10.42142 -21.18106
-15.0849 -6.694932 -25.72948
-17.20092 -2.895851 -31.5326
-17.43398 -0.5810069 -37.94331
-17.38633 1.10291 -44.59204
-15.00478 -0.1034985 -55.52717
-18.62889 -3.898623 -49.75021
-20.09088 -12.72528 -24.7791
-19.53933 -9.814805 -31.49525
-20.44821 -7.187988 -36.08561
-41.42488 -8.290236 -14.81311
-41.93473 -5.83884 -20.25805
-47.60786 -3.754201 -24.3619
-44.05095 -0.2448334 -32.24207
-46.9117 -14.08116 3.441277
-44.96067 -12.92219 -2.689152
-48.86692 -9.434113 -5.08427
-48.41187 -7.468682 -10.91718
-50.55325 -4.725254 -16.9037
-39.9468 -17.43064 -1.837403
-43.21191 -17.47302 3.995085
-52.72827 2.871259 -39.48875
-56.37569 -8.771287 4.076987
-64.94946 -5.819462 4.431614
-60.85704 -8.527262 8.196167
-47.50777 -16.1243 8.839767
-51.95474 -12.14156 6.53861
-59.83054 -11.05843 12.55894
-62.36126 3.696064 -42.69719
-58.37093 3.096621 -36.77082
-56.6678 -4.68207 -9.782405
-62.49881 -3.288306 -10.5093
-56.5546 -3.043707 -17.3806
-60.13882 -0.758536 -25.81136
-53.16263 -0.6608087 -31.29726
-59.84198 -0.9793271 -33.62951
-63.55097 2.392547 -34.26473
-53.35211 -7.414609 -3.016624
-61.29173 -4.94463 -2.766263
-113.576 -17.93432 3.505633
-114.2957 -19.55554 11.634
-74.47089 -5.281253 13.46163
-71.50701 -2.601736 4.351239
-69.99084 -5.551237 11.00868
-73.98773 4.372283 -41.75142
-80.69348 5.91609 -43.66076
-66.39791 4.821171 -39.83993
-67.74289 -0.8417485 -20.20093
-71.13445 2.969305 -36.93708
-76.99156 3.450742 -35.49829
-71.55056 -1.058746 -3.123288
-69.14494 -0.7416263 -11.37147
-73.56331 2.019555 -19.79356
-72.87517 2.625534 -28.56566
-74.0441 1.06982 -10.6288
-110.6488 -12.7594 -20.84922
-111.3483 -18.35561 37.67549
-113.9414 -21.56549 44.55946
-115.136 -21.96975 35.85726
-115.3051 -21.55233 28.12276
-111.0898 -16.00175 -2.944939
-112.3181 -14.95007 -12.41354
-114.8292 -20.65226 19.80491
-77.97401 -2.858478 6.326166
-79.83378 -5.43366 12.62396
-85.99821 -6.629048 13.68015
-85.77694 -4.60343 6.941884
-94.57892 -8.334785 15.61649
-94.06872 -7.07035 9.522425
-81.65303 1.739548 -40.69367
-89.43839 -1.461052 -38.33588
-90.05859 1.968886 -42.17762
-88.5712 -4.398594 0.1954257
-91.5824 -4.663392 -7.057444
-90.23279 -3.605484 -16.25109
-92.52399 -3.881731 -23.58512
-95.44304 -4.161519 -31.10525
-84.9593 -0.6046633 -25.82284
-85.49786 0.5145425 -33.97123
-80.86179 -0.09380025 -18.06538
-79.59844 -0.4262205 -9.126354
-79.07962 -1.616594 -0.4757429
-100.7706 -10.42712 19.07829
-104.388 -12.30392 22.49198
-104.5164 -12.66729 15.41015
-109.4045 -16.31254 31.43329
-109.6729 -16.91045 25.58615
-109.7929 -17.30463 16.53732
-95.74921 -1.03884 -39.30938
-103.0923 -7.943206 -27.91964
-101.1712 -5.121765 -33.42807
-105.25 -12.24622 -8.933618
-109.0963 -16.50335 6.291628
-103.3341 -8.983931 -22.26286
-103.2726 -10.3283 -15.3222
-103.7995 -12.1299 1.941
-103.7313 -12.16499 9.512321
-101.1166 -10.00789 -2.362203
-98.42452 -8.679999 4.789617
-96.2677 -5.97298 -13.46472
-114.9342 -22.86374 51.35504
-114.5291 -22.89537 58.47371
-114.3321 -22.95616 63.58567
-113.7665 -22.67748 69.73132
-26.10137 -10.40663 -15.6941
-17.91195 -15.55742 -17.21856
-35.02229 -9.497895 -16.61621
-19.68544 -4.72011 -26.46797
-19.4959 -8.146716 -21.46923
-37.33135 -6.881484 -22.45672
-25.57659 -5.488394 -30.94762
-23.07192 -3.491575 -41.85671
-30.39204 -1.288182 -42.74464
-25.29259 -0.1934364 -47.87459
-19.42939 1.328349 -53.57684
-41.19206 0.4131568 -39.73763
-39.66809 -13.40768 -7.154861
-30.69817 -12.89577 -9.741766
-24.76984 -14.04415 -12.27133
-37.28636 -3.399379 -33.21307
-31.1428 -3.788874 -35.45505
-39.09906 -5.07017 -27.73459
-31.08234 -5.179807 -30.47892
-28.49333 -7.273421 -24.45433
-7.274487 -17.16333 -124.4613
-5.024206 -23.10374 -112.447
-6.891904 -18.04715 -110.7336
-0.4875928 -4.360273 -111.858
-71.61485 7.211383 -47.27242
-13.20944 -104.6447 11.76706
-7.950353 -10.73863 -111.7399
-6.908547 -12.58071 -118.2426
2.933978 -39.66225 -56.10931
0 -42.27545 -52.94144
0.009544326 -28.87646 139.8453
7.278935 -40.11877 -52.40456
13.90802 -36.7344 -52.08929
3.568608 -41.8121 49.23659
3.583153 -42.69154 38.5053
3.670396 -42.92076 28.13838
3.90601 -31.72519 48.80766
4.173116 -30.87046 38.87186
0 -28.60242 29.30408
7.462536 -36.18675 48.94485
8.211097 -37.50859 38.75936
8.726096 -36.98724 29.14923
2.271637 -29.59707 99.97356
0.3885601 -33.10052 90.60595
3.615066 -34.57294 80.06
3.946096 -37.54814 70.08586
4.333299 -40.05611 59.82414
0.6674998 -27.19493 119.0995
0 -25.07597 98.49159
3.695356 -28.80042 88.92606
2.959432 -28.59403 78.47104
2.855386 -30.20286 68.63309
3.631843 -31.59888 58.809
-0.0006510615 -27.15572 109.4607
0.2315365 -28.57639 134.242
1.867718 -40.9766 -17.49266
0 -42.99501 18.31311
0 -42.87698 9.440953
0 -42.73299 1.549301
0 -42.42432 -5.494298
5.404872 -41.08158 -11.27073
0 -42.00654 -11.89891
0 -24.09035 12.07291
3.710089 -20.14554 -1.689706
0 -26.67912 20.35869
8.942663 -30.41954 20.29226
5.119529 -25.15684 12.48428
9.633183 -28.497 13.17357
7.92461 -24.64704 6.197275
8.487993 -22.33493 -0.7235263
11.87581 -26.2483 1.812585
15.75303 -28.74196 -15.51243
15.58347 -24.66745 -22.73905
16.06586 -28.52217 -8.352532
14.08683 -21.16514 -11.73822
15.70737 -33.77582 -10.70157
11.86071 -36.55765 -14.37845
6.693498 -39.47866 -16.71427
13.78707 -32.90059 -18.12618
7.129674 -37.68215 -22.62681
13.51448 -31.20126 -23.52831
10.35775 -34.48652 -25.62581
7.64797 -42.77267 2.577003
10.29662 -41.46819 -3.284533
10.33405 -39.23565 -9.475241
6.490613 -43.15782 9.883939
1.385221 -15.91397 -88.94982
5.712334 -11.50169 -92.38399
6.596663 -18.6716 -126.0892
2.664978 -19.88128 -134.9059
-0.3322787 -38.03357 -132.0909
0 -16.56905 -99.54094
5.599478 -13.53506 -105.147
5.006226 -12.78248 -97.70537
0.5446075 -2.242774 -97.14044
1.215929 -4.849026 -104.0138
0.02753717 9.891592 -87.4422
0.1637309 -33.91415 -127.6841
0 -16.61216 -81.46631
0 -18.30151 -73.47372
2.770256 -25.42151 -66.11155
0 -33.85396 -62.21298
0 -4.594731 -71.50321
0 -4.761908 -59.44206
3.294567 -4.738646 -89.82583
3.931782 -4.967452 -84.42059
3.929396 -5.113627 -77.54543
7.965688 -8.351636 -69.43317
4.117714 -5.53348 -67.22991
9.874281 -9.999125 -61.27055
7.306604 -8.972044 -86.24067
7.953582 -9.064021 -76.98098
9.126985 -16.23152 -65.98042
7.505388 -21.61087 -65.12601
12.85357 -19.92906 -60.74326
4.69184 -32.03941 -61.93115
9.734688 -29.00635 -60.57508
6.665133 -12.3018 -81.03721
7.222217 -13.75414 -72.60452
4.777683 -14.20839 -85.30263
4.598255 -15.32751 -77.12752
4.098305 -18.61623 -70.1207
16.56501 -18.11644 -55.36876
26.13417 -49.88817 -56.24814
30.70022 -67.8233 -73.94471
28.74752 -59.54972 -68.72384
18.88732 -36.62106 -3.955771
9.849611 -39.28954 20.11291
13.04664 -42.70602 14.07295
12.28467 -29.49108 7.996661
16.13178 -30.68727 -0.6701273
12.85032 -34.62595 14.49858
17.72322 -35.96487 5.534445
21.43326 -55.09915 -7.468219
12.97264 -55.42036 3.485627
13.16409 -50.29904 0.7520998
15.75599 -53.64465 -4.122566
20.7496 -49.70403 -6.473227
20.40496 -43.21754 -5.116884
15.08811 -64.3839 -2.187962
14.55731 -58.50309 -1.027913
20.41781 -64.14154 -7.709896
12.14505 -51.47496 8.850757
10.87759 -46.9408 11.52298
7.048209 -43.3769 17.79502
16.59062 -69.20818 3.569848
17.01295 -58.80347 6.651003
18.88761 -51.97663 7.59376
22.43213 -51.41851 1.216949
17.76826 -44.73766 9.654407
21.68115 -44.86016 2.82613
22.13066 -64.46297 -0.5599931
22.67559 -58.68153 -0.5933477
13.35945 -78.08174 9.168287
15.67391 -82.09381 4.743059
12.64675 -75.94995 1.295219
14.53425 -75.54438 -3.910045
15.43019 -74.39322 6.065986
19.79686 -70.46035 -7.424972
19.36895 -78.87313 -3.980932
15.28567 -109.3168 7.990808
13.92563 -101.2307 9.622536
11.48042 -96.43877 9.972738
10.83326 -93.05626 14.81427
12.86244 -85.91145 11.75335
27.66826 -55.31811 -63.36455
29.4897 -63.4195 -62.77819
18.72077 -123.5227 -3.018181
19.57482 -131.8776 -7.075103
17.83104 -114.785 2.55292
15.81805 -119.238 6.814917
14.04487 -104.7749 14.43057
13.14809 -98.60315 16.61217
21.53281 -24.21648 -52.37177
22.29753 -33.45539 -48.98151
15.56814 -27.44287 -59.49481
21.66111 -28.90264 -58.81446
19.42697 -36.9505 -55.39243
22.93068 -40.87347 -51.95247
0 -40.35739 -37.25849
0 -39.2094 -30.62301
5.586706 -42.40089 -44.62876
3.606476 -43.24897 -49.19036
12.40327 -38.21424 -45.0618
11.66546 -32.72665 -32.26072
8.760171 -38.28981 -39.32594
4.237112 -38.25863 -27.31015
13.95259 -28.99366 -29.46822
14.0311 -30.65242 -36.45426
15.46306 -23.33358 -30.98138
15.5644 -32.54721 -41.72656
16.45473 -25.70288 -38.59684
19.91334 -26.45622 -44.19942
6.467256 -2.089286 -51.2589
0 -3.543239 -50.74127
0 -13.42962 -16.90718
6.603936 -15.11576 -14.95181
3.514451 -7.180674 -28.20808
3.508756 -9.791873 -23.05235
10.41658 -7.540917 -26.04989
0 -5.473448 -33.5049
6.856581 -4.764486 -33.69483
0 -4.431966 -38.99345
6.825973 -3.472136 -39.32665
0 -3.875428 -44.77118
6.686475 -2.666087 -45.16958
16.15915 0.5319453 -55.02475
6.770414 -4.664227 -58.08642
17.80642 -8.571684 -46.74048
16.36664 -14.39146 -49.94557
12.75512 -11.08136 -56.53726
0 -16.81027 -9.983818
12.90859 -24.23831 -4.489996
9.042023 -20.11644 -6.673039
17.05336 -18.61022 -37.0638
18.33101 -18.99157 -44.45867
18.45275 -11.13698 -40.76722
17.25101 -14.27303 -32.98715
17.53981 -15.72768 -23.98957
13.50989 -12.67499 -19.24582
17.23831 -8.357774 -22.39054
17.39525 -4.940387 -27.28601
12.91469 -3.162647 -33.80465
12.84853 -1.355828 -39.87527
12.91774 0.03309413 -45.76086
18.62889 -3.898623 -49.75021
21.671 -4.373411 -42.29716
21.42034 -7.169248 -34.58981
20.63166 -10.83563 -27.7137
41.42488 -8.290236 -14.81311
40.79641 0.487507 -40.25895
45.4311 -3.924747 -23.68608
44.51176 -0.2742558 -31.62319
44.96067 -12.92219 -2.689152
45.03621 -15.61939 3.341507
46.10506 1.755142 -38.76957
48.86692 -9.434113 -5.08427
48.41187 -7.468682 -10.91718
50.55325 -4.725254 -16.9037
40.16194 -17.22167 -1.86912
47.50777 -16.1243 8.839767
56.37569 -8.771287 4.076987
51.95474 -12.14156 6.53861
60.85704 -8.527262 8.196167
59.83054 -11.05843 12.55894
64.94946 -5.819462 4.431614
54.56903 2.962494 -40.1675
62.36126 3.696064 -42.69719
58.37092 3.096621 -36.77083
53.16263 -0.6608087 -31.29726
56.6678 -4.68207 -9.782407
56.5546 -3.043707 -17.3806
60.13882 -0.758536 -25.81136
59.84198 -0.9793271 -33.62951
62.49881 -3.288306 -10.5093
53.35211 -7.414609 -3.016624
61.29173 -4.94463 -2.766263
63.55097 2.392547 -34.26473
113.576 -17.93432 3.505633
114.2957 -19.55554 11.634
70.84019 -4.771313 9.993282
73.98773 4.372283 -41.75142
80.69348 5.916091 -43.66076
66.3979 4.821171 -39.83993
67.74289 -0.8417485 -20.20094
71.13445 2.969305 -36.93708
76.99156 3.450742 -35.49829
71.55056 -1.058746 -3.123288
69.14494 -0.7416263 -11.37147
73.56331 2.019555 -19.79356
74.0441 1.06982 -10.6288
72.87517 2.625534 -28.56566
109.6486 -11.63193 -23.70356
111.3483 -18.35561 37.67549
113.9414 -21.56549 44.55946
115.136 -21.96975 35.85726
115.3051 -21.55233 28.12276
112.0876 -14.21137 -15.96598
111.8542 -15.09899 -10.10649
111.0898 -16.00175 -2.944939
114.8292 -20.65226 19.80491
79.83378 -5.43366 12.62396
85.99821 -6.629048 13.68015
94.57892 -8.334787 15.61649
77.97401 -2.858478 6.326166
85.77694 -4.60343 6.941884
94.06872 -7.07035 9.522425
81.65303 1.739548 -40.69367
89.43839 -1.461052 -38.33588
90.05859 1.968886 -42.17762
88.57121 -4.398594 0.1954257
91.5824 -4.663392 -7.057444
90.23279 -3.605484 -16.25109
92.52399 -3.881731 -23.58512
84.9593 -0.6046633 -25.82284
95.44304 -4.161519 -31.10525
85.49786 0.5145425 -33.97123
80.86179 -0.09380025 -18.06538
79.59844 -0.4262205 -9.126354
79.07962 -1.616594 -0.4757429
109.4045 -16.31254 31.43329
100.7706 -10.42712 19.07829
104.388 -12.30392 22.49198
109.6729 -16.91045 25.58615
104.5164 -12.66729 15.41015
109.7929 -17.30463 16.53732
97.07077 -2.020705 -38.33073
101.9317 -6.983528 -29.64448
105.25 -12.24622 -8.933618
103.3341 -8.983931 -22.26286
103.2726 -10.3283 -15.3222
96.2677 -5.97298 -13.46472
109.0963 -16.50335 6.291628
103.7995 -12.1299 1.941
101.1166 -10.00788 -2.362203
103.7313 -12.16499 9.512321
98.42452 -8.679999 4.789617
114.9342 -22.86374 51.35504
114.5291 -22.89537 58.47371
114.3321 -22.95616 63.58567
113.7665 -22.67748 69.73132
26.10137 -10.40663 -15.6941
17.91195 -15.55742 -17.21856
35.02229 -9.497895 -16.61621
37.33135 -6.881484 -22.45672
24.87244 -5.925892 -30.58202
19.30585 -2.032102 -32.35793
19.27685 0.04807705 -39.00504
19.16052 1.71825 -46.07454
25.29259 -0.1934364 -47.87458
35.01215 -2.062729 -38.50151
31.02375 -1.233007 -42.75768
39.66809 -13.40768 -7.154861
30.69817 -12.89577 -9.741766
24.76984 -14.04415 -12.27133
26.73981 -3.535782 -38.47045
37.28636 -3.399379 -33.21307
31.1428 -3.788874 -35.45505
39.09906 -5.07017 -27.73459
31.08234 -5.179807 -30.47892
28.49333 -7.273421 -24.45433
0 -27.19759 -114.5344
0.0008432865 -28.27512 -122.3548
-3.817536E-06 -11.18782 -122.2829
1.319465 -18.99989 -105.5926
0 -22.5073 -109.2315
3.973742 -24.3472 -112.7773
7.177009 -19.86588 -112.6381
-0.0001102173 -5.579022 -116.744
71.61485 7.211383 -47.27242
6.973341 -9.027588 -110.0907
7.253927 -13.31691 -119.9734
-31.77925 -70.20852 -75.13172
-14.19089 -135.8083 -6.971309
-15.79537 -122.8958 8.538894
14.19089 -135.8083 -6.971309
-8.778687 -7.052183 -108.0617
-0.3427983 -29.63195 -141.1705
1.410248 -27.18572 -136.4973
