-7.140893 43.00281 -47.58924
-8.27432 83.74442 -43.89499
-7.277199 51.73084 -51.19368
-21.16117 43.53633 44.45443
-16.82869 2.126373 41.07586
-19.0034 6.328722 44.06444
-18.71324 11.35247 40.55292
-17.7102 26.03025 40.31803
-19.4277 35.54184 40.02128
-20.55133 47.65363 36.28735
-15.17521 46.7984 36.37102
-21.74648 49.63624 45.93099
-13.67703 47.7544 41.33445
-22.31382 0.01902531 45.83632
-19.41712 0.3573543 50.79953
-14.80681 0.3976653 48.1869
-9.26876 118.7269 76.17631
-14.78691 124.2759 78.57231
-14.58013 108.6552 81.2641
-11.9069 102.9155 85.99603
-13.08874 95.4941 80.30048
-21.59433 55.14407 47.78663
-21.53748 53.2693 32.90152
-26.29537 76.73115 -17.8591
-25.65887 67.26717 -12.22213
-13.79902 51.48655 47.24741
-24.99834 54.15615 41.29247
-24.75113 58.90988 -27.90861
-25.99802 61.98406 -20.5515
-25.50655 74.38342 34.62684
-13.28388 96.55085 66.6857
-13.1335 91.27061 -31.87983
-22.41383 84.90205 -33.42968
-23.83712 80.13319 -35.16633
-24.60699 71.05455 -36.07344
-26.06107 67.45635 30.86068
-18.07438 2.50744 -32.96077
-10.36911 94.42144 -17.86671
-8.549728 56.81118 -17.01908
-8.549728 61.27988 56.43891
-8.549727 48.76553 13.04287
-24.8247 56.7669 2.124286
-18.6839 52.72888 1.488386
-13.74399 51.43003 1.268038
-23.51661 82.98767 -13.06777
-26.08024 72.08604 -14.78399
-17.08865 57.76259 -18.36753
-24.88766 76.22867 -11.51808
-25.50062 71.58224 -8.759198
-22.18781 82.41551 -4.206014
-19.51104 86.48294 -7.21124
-13.96739 90.16352 -5.571164
-20.8272 54.17596 -22.60589
-17.45979 12.68476 -34.06721
-17.15909 22.9882 -35.19178
-16.87962 32.53299 -34.12535
-15.88084 37.9538 -36.09731
-18.68656 38.50333 -31.41803
-17.69408 44.05162 -35.01692
-20.04296 44.10866 -27.27717
-13.73328 44.83771 -29.17167
-22.74005 53.69495 -30.39305
-17.1729 52.73307 -35.29288
-13.52668 51.85159 -31.13064
-23.12637 61.17518 -12.4157
-24.60097 63.33938 -34.23761
-19.20237 59.28365 -38.49776
-15.95587 90.27151 59.82011
-13.75117 83.77551 58.22946
-17.54962 87.27184 -36.71139
-17.35777 80.46321 -41.38957
-8.22802 65.92444 -41.1692
-19.71973 72.80757 -42.12363
-19.5528 67.34184 -41.61692
-23.62914 78.2141 29.28193
-27.10618 76.50101 -27.15069
-27.31811 72.57989 -22.39754
-27.20333 74.51515 5.07866
-25.99183 75.0278 -1.534745
-26.06335 72.71613 21.71108
-27.53304 73.70817 13.01902
-27.18282 68.41158 -26.6285
-27.20176 68.17909 -19.18403
-26.78621 65.51351 -4.907439
-28.71071 66.21133 3.660016
-26.28382 70.28639 39.40745
-27.15163 65.49937 37.34639
-26.72977 63.58023 22.28874
-28.96757 65.25384 12.83009
-26.61791 58.29061 38.46893
-9.48374 73.94556 56.72804
-23.39254 75.01978 44.96406
-23.04418 66.89725 49.67228
-25.07953 61.9302 45.85302
-17.31392 67.21188 54.40675
-21.03843 60.61574 50.99587
-15.05554 62.04185 55.60902
-11.70772 57.31398 54.97941
-26.39806 82.6451 -25.27655
-22.87815 88.55789 -25.13805
-10.98831 93.86094 -25.65837
-25.84713 82.6144 -19.49109
-22.72333 88.50708 -18.96845
-16.15001 92.76497 -21.79315
-14.22105 91.81958 -10.9917
-19.74772 84.93391 -0.0536862
-19.98048 84.20945 6.490602
-13.8287 88.8709 0.5459292
-13.84593 88.11607 6.90765
-20.03601 83.90959 13.41457
-19.71654 83.78589 20.7888
-14.0257 87.88293 13.7457
-20.10016 78.45986 49.79218
-9.318626 61.41046 -34.02468
-17.93609 0.3206206 -24.73902
-13.40134 1.963973E-05 -28.55664
-14.03609 54.959 -24.26427
-21.57793 57.4467 -5.931989
-12.40223 56.05721 -13.09819
-13.11444 54.0371 -6.86165
-23.75753 55.74537 22.78077
-25.90609 57.09342 12.84439
-8.549728 47.72049 23.46124
-19.36694 51.3835 23.17854
-20.66652 52.25636 12.86055
-13.59593 49.3845 13.01168
-8.549727 52.3046 50.52372
-8.549729 88.13313 63.5416
-8.549727 51.06829 1.33131
6.297966 77.14359 41.69369
0.2144628 67.21188 54.40675
8.981654 63.63494 42.78368
4.306974 46.26838 45.87449
6.209233 46.99311 39.61271
2.029056 3.531636 42.69907
1.77366 37.44527 42.96557
0.9071539 21.70306 40.33194
1.353349 12.44234 39.86813
-0.1746608 0.6714861 50.38926
4.4656 52.47149 46.30161
0.9419526 30.5509 39.71351
4.554009 41.53677 38.4123
-1.103862 40.63476 40.28775
-2.414557 50.81055 46.79806
-3.62015 48.3681 38.93427
-2.47126 123.381 78.14277
-1.905367 108.3825 80.49035
-5.352968 95.24832 78.61343
-8.572475 91.39866 87.70874
-2.679044 101.6827 81.61572
-7.296848 108.4392 84.91315
-8.071386 100.7829 88.54505
-8.953844 97.13802 72.05839
8.365486 73.61945 32.42616
7.445899 67.55696 46.39748
1.354494 58.94775 51.99206
5.116685 73.99036 48.5889
-3.087033 92.92697 -14.5087
5.963002 85.04504 -14.2914
9.195916 76.73115 -17.8591
10.13828 67.15511 -21.38767
-1.993249 88.54194 -1.330946
2.648266 84.93391 -0.0536862
7.418593 78.6983 -0.428876
-3.985012 54.0371 -6.86165
4.478478 57.4467 -5.931989
9.721287 71.00523 -2.720206
8.346991 63.92732 -9.69837
2.635001 49.14404 34.54734
7.483942 53.27239 36.26465
5.804846 55.40538 31.85186
8.023269 55.58812 43.25483
9.184361 70.28639 39.40745
8.219279 60.02659 -23.26877
-6.810134 94.75459 66.7155
2.820003 89.36693 -29.86926
-3.07004 92.65473 -27.93258
5.061256 52.4903 -26.38935
9.163301 80.21067 -29.60382
9.692434 72.58745 -30.74512
8.087748 62.32351 -31.40514
10.05217 65.49937 37.34639
9.518459 58.29061 38.46893
9.25217 65.07635 31.60859
-3.366177 44.83771 -29.17167
-1.600122 0.6507508 -25.77173
4.219954 59.74543 -15.81119
10.43358 73.70817 13.01902
11.86811 65.25384 12.83009
5.972008 80.99091 13.2856
-0.14846 86.20008 13.56463
-5.823587 89.04488 13.92969
8.80663 57.09342 12.84439
3.567066 52.25636 12.86055
-3.503532 49.3845 13.01168
2.411583 86.48294 -7.21124
3.866344 67.54926 -40.48404
6.529684 78.2141 29.28193
7.593786 76.32874 -8.020792
5.088354 82.41551 -4.206014
-6.846508 90.61392 -2.506944
-4.697223 56.05721 -13.09819
2.102911 59.28365 -38.49776
2.037687 3.301871 -31.2578
0.5648521 9.96837 -34.24267
0.1514442 16.10726 -35.33799
0.002547152 22.98054 -35.39275
-0.8972461 32.89126 -34.53748
0.02747026 46.12212 -35.09228
1.791528 41.45012 -29.09715
-3.560464 53.65766 -28.23795
6.325109 55.62638 -30.3553
-0.530548 54.06462 -35.85572
-0.1609048 54.51312 -22.61363
-4.73933 85.73815 60.48948
-5.520515 79.90397 58.2794
0.2583162 80.46321 -41.38957
7.116086 80.29125 -34.78773
1.134244 77.71632 52.3144
8.963897 72.71613 21.71108
4.080489 73.94435 -40.88666
7.701652 71.99269 -35.88163
10.25415 72.61167 -24.44803
8.980782 72.08604 -14.78399
11.2667 70.45728 4.382474
4.198064 69.65717 51.57893
9.630318 63.58023 22.28874
4.671282 63.55865 51.26291
-2.043921 62.04185 55.60902
3.627107 85.17809 -35.7854
9.204962 82.69147 -22.28884
5.842659 88.67095 -21.95244
0.6219196 92.3145 -21.79933
-6.6947 94.36906 -21.36669
0.1305232 89.9353 -10.71897
-6.366635 92.95614 -10.69998
5.786956 81.46384 6.152737
-0.2117159 86.42979 6.746195
-7.263636 89.22741 6.986949
2.425385 84.22614 21.90556
-5.538564 58.18035 -23.19964
10.926 62.11517 2.980035
7.725246 56.7669 2.124286
1.584441 52.72888 1.488386
-3.35547 51.43003 1.268038
6.658078 55.74537 22.78077
2.267485 51.3835 23.17854
7.553669 59.58946 46.32016
-5.391741 57.31398 54.97941
-15.77593 104.5822 71.59608
-12.43738 103.4768 47.71642
-11.19605 100.5258 42.23377
-15.97139 97.79392 46.30957
-15.8742 101.2833 51.73574
-18.66591 91.85257 48.33267
-17.86059 95.22594 53.05978
-19.9733 85.26659 48.53115
-18.53807 86.9177 53.93372
-9.407858 112.8679 60.41927
-15.72135 103.8404 56.53861
-15.32895 107.3278 61.25042
-15.03771 110.7016 67.79431
-14.2765 115.2164 73.31601
-17.11102 97.85417 57.94319
-16.2919 102.1096 63.73568
-9.294429 93.18716 24.81811
-10.09938 96.62589 35.01635
-13.9511 92.80128 28.40499
-16.57113 88.64375 25.17358
-15.96087 92.49889 35.41941
-15.93532 94.74282 41.12133
-19.12381 88.11879 37.00385
-18.76629 90.01639 42.63425
-21.12042 84.21347 30.87154
-21.98761 83.33816 37.42208
-21.32152 83.5547 42.66156
-7.599794 117.8597 71.08598
-8.759842 115.296 81.11695
-7.495556 102.6824 44.87188
-8.98192 107.4173 52.44857
-1.732954 97.79174 46.30951
-1.766339 101.0564 51.58006
1.014907 91.63232 48.25871
0.211982 95.12585 53.26001
2.313436 85.09927 48.66819
0.9132754 86.9177 53.93372
-1.84461 103.692 56.46756
-2.337802 107.1654 61.23619
-2.590405 110.9335 67.89919
-2.452766 114.1262 73.69217
-0.4885626 97.85417 57.94319
-1.313457 101.9411 63.73009
-1.680856 104.5914 71.65353
-0.3968216 90.19296 58.49155
-1.835645 95.8799 64.0351
-7.126422 99.13563 39.64569
-3.479603 92.52555 28.63225
-0.9952006 88.4475 25.33057
-1.83029 92.38233 35.24009
-1.866911 94.60883 41.07199
1.329966 88.04247 36.76064
1.114518 89.77753 42.27663
3.351381 84.27152 30.75248
4.326506 83.08957 37.45058
3.719759 83.45016 42.66904
-7.926897 24.70069 -49.88386
-10.61 28.96012 -48.44761
-8.770011 74.90726 -47.79067
-11.78164 63.52208 -49.69345
-7.223169 51.70446 -45.51857
-6.712904 35.27706 -45.73187
-7.677466 89.34615 -37.66746
-12.404 51.99609 -48.94379
-11.86019 40.59511 -49.39111
-9.229241 14.64177 -48.9513
-5.955657 60.63973 -48.98684
-8.594853 36.61156 -52.11983
