19.166 -6.812794 111.8887
18.99875 -7.654248 111.9039
19.70839 -7.603553 111.5693
19.02407 -8.470334 111.5136
19.94665 -7.111862 111.4578
19.49044 -6.158864 111.4477
19.87063 -8.029338 111.255
19.86047 -8.419641 110.885
19.24207 -8.926543 110.8293
19.53098 -8.97218 110.0385
20.14938 -8.313194 110.4288
20.26599 -8.206748 109.9219
19.86553 -8.586936 109.3592
20.08858 -7.892467 108.9334
20.46367 -7.715056 109.8053
20.46876 -7.192941 109.6431
20.16969 -7.030743 108.9182
20.1139 -6.260253 109.2781
20.48398 -6.802638 110.003
20.36232 -6.42245 110.3071
20.01256 -5.844583 109.9574
19.79962 -5.804044 110.738
20.29641 -6.544109 110.814
20.02267 -6.630285 111.2804
20.48398 -7.441315 110.6974
-19.70835 -7.603553 111.5693
-18.99871 -7.654248 111.9039
-19.16596 -6.812794 111.8887
-19.02403 -8.470334 111.5136
-19.94661 -7.111862 111.4578
-19.4904 -6.158864 111.4477
-20.02263 -6.630285 111.2804
-19.79962 -5.804044 110.738
-20.29637 -6.544109 110.814
-20.36228 -6.42245 110.3071
-20.01252 -5.844583 109.9574
-20.1139 -6.260253 109.2781
-20.48394 -6.802638 110.003
-20.46872 -7.192941 109.6431
-20.16965 -7.030743 108.9182
-20.08854 -7.892467 108.9334
-19.87059 -8.029338 111.255
-20.46367 -7.715056 109.8053
-20.26595 -8.206748 109.9219
-19.86549 -8.586936 109.3592
-19.53094 -8.97218 110.0385
-20.14938 -8.313194 110.4288
-19.86043 -8.419641 110.885
-19.24202 -8.926543 110.8293
-20.48394 -7.441315 110.6974
0.6894118 -16.29184 133.0518
0.6437745 -16.04346 132.8592
-0.7501795 -16.04346 132.7477
-0.7907596 -16.29184 132.9403
7.492051 -11.80071 123.5272
7.948259 -12.79425 123.1672
7.973586 -12.18086 124.4497
8.049648 -13.75736 122.9341
8.343618 -13.98547 122.9493
8.247328 -13.91956 123.3244
8.703537 -13.87392 123.0912
8.490645 -13.71172 122.706
8.211845 -13.15412 124.0341
8.982336 -12.03893 123.9023
9.174958 -13.03247 123.5221
8.515972 -11.65368 122.9949
8.744077 -12.66243 122.6603
8.115514 -11.35971 121.8138
8.612304 -12.34815 121.5553
8.597091 -11.62836 122.8023
8.774501 -13.31126 121.4134
9.073569 -13.53431 121.4539
8.97218 -13.43798 121.8138
9.423332 -13.41265 121.5908
9.210441 -13.28594 121.1903
8.891103 -12.61174 122.4677
9.575416 -11.54724 122.2599
9.828848 -12.54077 121.9659
9.098937 -11.25323 121.2663
9.398005 -12.26198 121.0433
8.627516 -11.00485 120.3438
9.894754 -11.87167 119.4973
9.144533 -11.96291 120.0447
9.220596 -11.3445 121.2512
9.327042 -12.89559 119.847
9.626111 -13.11864 119.8521
9.555146 -13.05274 120.2171
9.980931 -13.01725 119.9636
9.737614 -12.86011 119.5936
9.509509 -12.28734 120.8862
10.15834 -11.26338 120.6429
10.40672 -12.21634 120.3286
9.595685 -10.91362 119.7608
9.007663 -10.75648 118.7217
9.904909 -10.68046 118.1895
10.23946 -11.49149 118.0222
9.56526 -11.58782 118.5392
9.570358 -10.94404 119.4821
9.762981 -12.36842 118.4024
10.13807 -12.32283 118.1641
10.05189 -12.53572 118.4024
9.996143 -12.47487 118.7217
10.37633 -12.42927 118.4784
9.925179 -11.79056 119.2539
10.45235 -10.89335 118.9346
10.74636 -11.71453 118.7318
9.626111 -10.82238 117.201
10.91362 -11.45095 116.689
10.21409 -11.5067 117.1047
10.06711 -10.92377 117.865
10.40166 -12.15047 117.0236
10.79196 -12.1251 116.831
10.68046 -12.28734 117.0388
10.58417 -12.21128 117.3024
10.97953 -12.18596 117.1098
10.45235 -11.6233 117.718
10.97953 -10.87308 117.4342
11.30396 -11.56751 117.3074
10.55374 -10.76663 116.7853
2.463554 -13.66609 132.0279
2.940074 -15.01954 131.5514
2.346993 -14.75086 131.7998
2.387533 -14.28959 132.8035
2.149273 -15.54671 131.516
2.281087 -15.80524 131.6376
2.169583 -15.72412 131.9164
2.509191 -15.85084 131.8758
2.478766 -15.67343 131.4754
2.210123 -15.13104 132.4993
3.188448 -14.5836 132.7224
2.960343 -15.40479 132.4182
3.18335 -14.18314 131.8302
3.604117 -13.55458 130.1524
4.237737 -14.75595 129.5948
3.6396 -14.67484 129.8127
3.847393 -14.01585 131.0192
3.588905 -15.46054 129.7671
3.766315 -15.66332 129.8888
3.705466 -15.56698 130.2081
4.029902 -15.62274 130.1068
3.903186 -15.51123 129.6658
3.766315 -14.89283 130.7759
4.607769 -14.12739 130.786
4.470899 -15.00433 130.5528
4.379665 -13.86381 129.7874
4.881511 -13.22509 128.216
5.667173 -14.31492 127.7649
5.028496 -14.27944 128.069
5.170424 -13.49377 129.2754
5.00317 -15.18174 127.9879
5.347835 -15.21722 127.851
5.20085 -15.40479 128.0893
5.124787 -15.28818 128.434
5.469493 -15.32367 128.2971
5.18058 -14.51264 129.0575
5.935858 -13.53431 128.9358
5.91049 -14.55824 128.7432
5.677328 -13.26563 127.9068
5.834469 -12.81957 126.7257
6.929395 -12.85 126.3202
6.062573 -13.88408 126.4925
6.239983 -13.18961 127.6736
6.027092 -14.80665 126.2999
6.295734 -15.04997 126.3455
6.199444 -14.95869 126.7004
6.675923 -14.98912 126.5179
6.493455 -14.83198 126.1225
6.290678 -14.21357 127.3847
7.269003 -13.19976 127.2326
7.27406 -14.23384 126.9792
6.939509 -13.90435 126.1073
6.746887 -12.27213 125.0073
7.993896 -13.19976 124.3635
7.101748 -13.30621 124.7792
7.086536 -12.57626 125.9704
7.167614 -14.24395 124.5916
7.664403 -14.21863 124.4092
7.456568 -14.45689 124.6373
7.304485 -14.37071 124.9972
7.816445 -14.34534 124.8096
7.223365 -13.58501 125.6764
8.206789 -12.49008 125.5294
8.30308 -13.51404 125.2658
7.86714 -12.14032 124.5714
1.044232 -14.40109 133.285
1.708276 -15.04997 133.4168
0.9225735 -16.28172 132.9657
0.8060132 -15.4656 133.062
0.800915 -14.75595 134.0353
0.5474838 -16.15501 133.2445
0.5728105 -15.62783 133.6855
1.44469 -15.15641 134.2329
1.191258 -16.00292 133.873
0.8262829 -16.39832 133.3459
1.42442 -15.90659 133.0823
-7.492009 -11.80071 123.5272
-7.948218 -12.79425 123.1672
-7.973545 -12.18086 124.4497
-8.049607 -13.75736 122.9341
-8.343618 -13.98547 122.9493
-8.247287 -13.91956 123.3244
-8.703496 -13.87392 123.0912
-8.490604 -13.71172 122.706
-8.744036 -12.66243 122.6603
-8.211804 -13.15412 124.0341
-8.982294 -12.03893 123.9023
-9.174917 -13.03247 123.5221
-8.515931 -11.65368 122.9949
-9.397965 -12.26198 121.0433
-9.098896 -11.25323 121.2663
-8.115514 -11.35971 121.8138
-8.612263 -12.34815 121.5553
-8.59705 -11.62836 122.8023
-8.77446 -13.31126 121.4134
-9.073528 -13.53431 121.4539
-8.97218 -13.43798 121.8138
-9.423291 -13.41265 121.5908
-9.210399 -13.28594 121.1903
-8.891062 -12.61174 122.4677
-9.575376 -11.54724 122.2599
-9.828848 -12.54077 121.9659
-9.894712 -11.87167 119.4973
-8.627475 -11.00485 120.3438
-9.144493 -11.96291 120.0447
-9.220554 -11.3445 121.2512
-9.327001 -12.89559 119.847
-9.737572 -12.86011 119.5936
-9.626069 -13.11864 119.8521
-9.560162 -13.05274 120.2171
-9.980889 -13.01725 119.9636
-9.509468 -12.28734 120.8862
-10.1583 -11.26338 120.6429
-10.40672 -12.21634 120.3286
-9.595644 -10.91362 119.7608
-10.23942 -11.49149 118.0222
-9.904868 -10.68046 118.1895
-9.007663 -10.75648 118.7217
-9.56522 -11.58782 118.5392
-9.575376 -10.94404 119.4821
-9.76294 -12.36842 118.4024
-10.13803 -12.32283 118.1641
-10.05185 -12.53572 118.4024
-9.996102 -12.47487 118.7217
-10.37629 -12.42927 118.4784
-9.925138 -11.79056 119.2539
-10.45231 -10.89335 118.9346
-10.74632 -11.71453 118.7318
-10.91362 -11.45095 116.689
-9.626069 -10.82238 117.201
-10.21409 -11.5067 117.1047
-10.06707 -10.92377 117.865
-10.40162 -12.15047 117.0236
-10.68042 -12.28734 117.0388
-10.58413 -12.21128 117.3024
-10.97948 -12.18596 117.1098
-10.79196 -12.1251 116.831
-10.45231 -11.6233 117.718
-10.97948 -10.87308 117.4342
-11.30392 -11.56751 117.3074
-10.5537 -10.76663 116.7853
-3.18335 -14.18314 131.8302
-2.463513 -13.66609 132.0279
-2.346952 -14.75086 131.7998
-2.387491 -14.28959 132.8035
-2.149232 -15.54671 131.516
-2.478725 -15.67343 131.4754
-2.281045 -15.80524 131.6376
-2.169542 -15.72412 131.9164
-2.50915 -15.85084 131.8758
-2.940032 -15.01954 131.5514
-2.215138 -15.13104 132.4993
-3.188407 -14.5836 132.7224
-2.960302 -15.40479 132.4182
-4.237696 -14.75595 129.5948
-4.379624 -13.86381 129.7874
-3.604076 -13.55458 130.1524
-3.639559 -14.67484 129.8127
-3.847352 -14.01585 131.0192
-3.588864 -15.46054 129.7671
-3.766274 -15.66332 129.8888
-3.705425 -15.56698 130.2081
-4.029861 -15.62274 130.1068
-3.903145 -15.51123 129.6658
-3.766274 -14.89283 130.7759
-4.607728 -14.12739 130.786
-4.470858 -15.00433 130.5528
-5.667173 -14.31492 127.7649
-5.677287 -13.26563 127.9068
-4.88147 -13.22509 128.216
-5.028455 -14.27944 128.069
-5.170383 -13.49377 129.2754
-5.003129 -15.18174 127.9879
-5.347794 -15.21722 127.851
-5.200809 -15.40479 128.0893
-5.124787 -15.28818 128.434
-5.469452 -15.32367 128.2971
-5.180539 -14.51264 129.0575
-5.935816 -13.53431 128.9358
-5.910449 -14.55824 128.7432
-5.834427 -12.81957 126.7257
-6.062531 -13.88408 126.4925
-6.239942 -13.18961 127.6736
-6.02705 -14.80665 126.2999
-6.498472 -14.83198 126.1225
-6.295694 -15.04997 126.3455
-6.199403 -14.95869 126.7004
-6.675881 -14.98912 126.5179
-6.939468 -13.90435 126.1073
-6.290636 -14.21357 127.3847
-7.268962 -13.19976 127.2326
-7.274018 -14.23384 126.9792
-6.929354 -12.85 126.3202
-6.746845 -12.27213 125.0073
-7.101707 -13.30621 124.7792
-7.086494 -12.57626 125.9704
-7.167572 -14.24395 124.5916
-7.664362 -14.21863 124.4092
-7.456527 -14.45689 124.6373
-7.304444 -14.37071 124.9972
-7.816404 -14.34534 124.8096
-7.993855 -13.19976 124.3635
-7.223365 -13.58501 125.6764
-8.206748 -12.49008 125.5294
-8.303039 -13.51404 125.2658
-7.867099 -12.14032 124.5714
-1.809624 -15.04997 133.3104
-1.14558 -14.40109 133.1786
-0.9124181 -15.4656 132.9505
-0.9022629 -14.75595 133.9237
-0.6488316 -16.15501 133.133
-0.6741583 -15.62783 133.574
-1.551095 -15.15641 134.1214
-1.292565 -16.00292 133.7615
-1.530825 -15.90659 132.9708
-0.9276307 -16.39832 133.2343
-1.023921 -16.28172 132.8542
0 -18.88215 134.5573
0 -19.15079 134.7044
0.9327289 -19.13052 134.603
1.698162 -18.79087 134.1518
0.9935376 -19.9973 134.4712
1.054387 -21.25443 133.6246
1.130409 -22.42032 132.2256
1.282492 -23.50509 130.5427
0 -24.68109 128.657
1.541021 -24.49353 128.6519
1.95665 -25.42625 126.5179
0 -26.56172 123.9124
2.539616 -26.23729 123.9479
0 -27.36769 120.5871
3.269526 -26.98245 120.6834
4.105923 -27.69719 116.6282
5.048766 -28.50316 112.061
6.011878 -29.25338 107.3113
6.792524 -29.71465 102.6225
7.446413 -30.04414 97.96404
0 -31.13902 97.39122
8.064819 -30.34826 93.09779
8.916429 -31.72199 88.08955
0 -32.95881 86.97945
9.915024 -33.69381 83.03067
0 -34.54037 81.64178
10.9491 -35.1892 76.51698
0 -36.06108 75.39674
11.56245 -36.33478 66.95679
11.31408 -36.43111 55.34874
0 -37.97209 54.59852
10.61961 -36.24355 44.06505
9.833904 -36.20806 33.87632
9.453757 -35.63019 24.99537
0 -37.32832 24.09817
9.129321 -33.91686 16.24624
8.460219 -32.27449 7.314599
0 -34.24635 7.025686
7.735326 -31.10864 -1.809624
0 -31.09343 -11.49149
7.309542 -29.71465 -11.40025
6.91924 -27.88981 -21.44705
6.037205 -25.59861 -30.84505
0 -26.55662 -30.93629
5.053823 -23.5659 -38.53984
4.916952 -21.76639 -44.37933
5.195751 -19.62727 -50.75618
5.160269 -18.12683 -57.78692
0 -18.57798 -58.31915
4.612826 -17.40198 -64.30571
3.441879 -17.48815 -70.10975
0 -17.86324 -69.63323
0 -17.7061 -74.70226
4.602671 -16.83932 -77.43446
7.279118 -16.1398 -71.17421
10.44725 -13.16934 -72.85716
7.562973 -14.72553 -79.52798
5.383276 -15.87111 -86.56379
0 -17.60475 -94.81112
3.761217 -16.37296 -94.95303
2.651078 -16.2057 -103.3423
0 -17.16372 -103.4842
2.169542 -15.42506 -111.0523
0 -15.99787 -111.3209
2.818374 -14.52275 -118.3821
4.597573 -12.3431 -115.9439
4.460743 -13.11864 -110.3223
5.712769 -9.747727 -109.9472
6.397082 -13.55964 -95.01895
7.005375 -5.986511 -110.4339
5.134902 -13.53431 -103.104
6.528896 -10.25973 -103.0635
7.649149 -10.42698 -95.05442
9.007663 -7.051013 -95.465
8.074934 -6.772214 -103.5704
7.963431 -2.220237 -103.8644
5.971299 -0.7704901 -110.1398
4.551977 -1.840049 -117.931
2.448341 2.808259 -111.2804
3.350604 4.709117 -103.7326
0 6.939509 -101.0916
6.260253 1.586618 -103.9303
7.836715 2.590269 -96.33183
9.666609 -2.174599 -96.15947
10.45741 -5.996666 -86.94397
11.15184 -0.6640441 -87.77531
4.541821 6.356544 -95.87562
9.321943 4.26812 -88.01863
5.65196 8.292924 -87.83611
1.875531 8.622418 -94.76041
2.468611 10.45235 -87.46104
0 9.311789 -94.12169
2.711928 12.86011 -79.58879
0 13.4076 -79.48744
2.828488 15.07024 -71.84335
3.208676 17.85818 -64.05733
0 18.53238 -63.99143
4.034918 20.50421 -55.00403
4.582402 23.03872 -45.21067
0 23.50509 -44.81527
4.780081 25.6949 -35.55417
4.906797 28.1027 -26.50597
4.394836 30.24688 -17.81255
0 30.65749 -17.63008
3.710523 32.12751 -9.474028
0 34.66708 -3.725735
2.803161 34.17539 -2.742352
10.75142 29.45612 -7.704942
6.625228 32.71553 -0.02026957
11.20253 27.51974 -18.04069
16.75315 24.05759 -9.215498
10.50301 25.66957 -27.11422
15.81536 23.19081 -18.30934
14.6292 22.03507 -27.60592
9.560162 23.55578 -36.31451
13.41771 20.20514 -36.96334
8.911331 21.09223 -45.84428
12.60158 17.61487 -46.21941
7.841772 18.69964 -55.27777
6.767156 16.37296 -63.97115
11.83109 13.43292 -62.02972
11.58272 15.72918 -54.76072
16.54531 13.2403 -46.50327
17.52363 14.9739 -37.33341
15.07529 12.48502 -54.79619
19.34847 8.708594 -46.75671
17.55402 8.191536 -55.40449
15.05502 8.703537 -63.30201
11.456 9.76294 -70.59129
18.71485 16.45407 -27.92529
22.78529 10.61455 -28.16351
21.08717 9.615955 -37.48545
19.85537 17.76189 -18.73006
21.72079 18.94801 -10.09749
26.02945 12.9615 -10.47768
23.32258 19.68812 -1.520711
27.39302 14.05133 -2.007345
17.56927 24.41751 -0.6387174
12.65228 29.30913 -0.136871
12.90069 29.97823 9.225612
18.54756 24.66588 8.186478
13.66103 30.36348 18.27891
7.66946 33.8459 18.6084
14.21357 30.66255 27.25109
13.82832 30.64734 36.26381
20.2812 25.14746 35.00163
12.81452 30.33815 44.67839
19.00886 25.77602 44.28304
24.55943 11.80577 -19.13558
26.46539 5.07915 -19.11025
28.1534 6.214615 -10.50305
24.18435 4.475955 -28.06216
27.04326 -1.317933 -19.13558
24.85345 -1.571405 -27.9912
28.8833 -0.7451634 -10.54864
29.57272 7.375449 -2.063096
30.22155 -0.2838561 -2.052941
30.79436 7.968529 6.366699
31.61045 -0.2179492 6.386968
26.12578 -6.731674 -19.38905
28.03679 -7.051013 -10.95416
24.08296 -6.77727 -28.30544
29.52708 -7.497107 -2.468611
24.10322 -13.37212 -10.99979
25.21842 -14.64441 -2.737296
31.33675 -8.22196 6.06763
24.99032 20.06827 44.52636
32.83719 -0.1267156 14.99417
27.63128 -16.00798 5.875008
33.18185 -8.784616 14.82182
30.6727 -16.82916 14.88773
32.72564 -16.40844 24.1235
19.06967 -19.69823 -10.91868
19.97703 -20.45351 -1.905956
21.97422 -22.49634 6.554264
14.66468 -26.31331 -1.566348
25.62393 -23.64701 15.63795
16.1398 -27.41839 7.694787
34.43392 -8.688324 24.0728
31.86898 8.115514 15.1361
28.6552 14.67484 6.569477
24.5848 20.19502 7.218308
29.82615 14.78128 15.55177
25.91795 20.33695 16.23103
30.48008 14.33013 24.87371
32.39109 7.71 24.38708
32.55329 7.091552 34.15512
33.48092 -0.1672959 24.16403
34.98136 -8.424738 33.73945
33.86111 -15.63795 32.96896
31.37223 -20.86412 33.29335
33.25792 -16.49967 42.13882
29.13172 -22.80556 24.81291
28.01147 -25.60367 34.80395
24.55438 -27.72252 26.54141
18.55771 -29.47133 18.2637
13.7472 -25.67969 -11.17721
12.99193 -24.40229 -21.02126
18.08629 -19.00381 -20.48903
11.07076 -22.62305 -30.80448
8.97218 -21.0669 -40.09604
10.57907 -17.89367 -47.10647
12.77899 -18.10656 -39.41168
9.965718 -16.55037 -56.34223
9.195187 -16.19049 -63.98637
12.87027 -13.34169 -63.44394
12.85506 -9.362483 -70.92583
14.25917 -13.7472 -55.25746
15.08541 -9.641282 -62.84075
16.82411 -9.96062 -54.634
15.0702 -14.40619 -46.93921
15.90659 -15.16653 -39.09234
15.71397 -17.53885 -31.58006
18.24343 -10.56386 -46.33598
19.54615 -11.26844 -37.91128
19.74387 -6.118324 -46.04706
21.83735 -6.457932 -37.26751
21.3406 -12.19101 -29.16211
22.59773 -1.449747 -37.14079
22.13136 4.156617 -37.27256
20.08348 3.77643 -46.5337
23.10969 -12.88548 -19.85537
19.92634 -1.338243 -46.14845
17.84297 -5.961185 -54.49713
18.03054 -1.596732 -54.79114
15.89648 -5.93076 -62.57716
18.36509 3.031266 -55.24735
16.16512 -1.834992 -62.93198
16.49967 3.32022 -63.64672
14.17805 3.32022 -71.70648
14.48727 -2.397647 -70.40882
14.026 -5.885122 -70.05396
12.51541 -4.663521 -77.40913
11.03018 -9.316887 -78.79298
9.494297 -12.39379 -79.80173
7.862042 -12.90069 -86.93891
9.230669 -9.788308 -86.75135
12.45966 1.586618 -79.66486
10.08228 6.782368 -79.91322
6.118324 10.77169 -79.78146
6.427508 13.49883 -71.82814
6.544109 33.00444 45.42356
2.575057 34.26157 46.07749
0 36.26891 42.42272
0 34.78368 46.4171
2.265874 33.23254 53.41741
0 33.39985 54.98882
5.063979 32.00079 55.21186
8.977279 28.94921 66.33332
0 28.36123 77.11513
11.21269 29.66901 55.21693
17.49831 25.90779 54.71508
15.51123 25.38062 65.61858
22.1314 21.05169 54.81647
19.98213 21.32033 65.32457
7.938104 27.08889 76.65891
14.11724 23.9613 75.80731
7.527532 24.88387 86.08225
7.040898 22.20233 93.98993
0 22.63321 94.72999
0 19.54619 101.1677
8.561609 18.64389 99.63173
12.04908 19.65264 92.79362
7.446413 15.65822 106.5358
0 16.91028 107.2049
7.035841 13.52926 112.0864
6.559321 11.15188 117.7079
5.966283 7.988799 123.6741
5.11973 3.761217 128.2211
0 4.607728 128.8801
4.105923 0.09633182 130.9634
3.117483 -3.000882 132.5804
2.346993 -5.606364 133.5385
0 -5.216021 133.797
1.764028 -7.750538 134.4205
1.399052 -9.474028 135.6624
1.155776 -11.13667 136.9246
0.9783251 -12.87027 137.4568
0.8820344 -14.43152 137.244
4.111473E-05 -15.51123 136.7471
0.7908008 -15.55683 136.6204
4.111473E-05 -16.09921 136.1592
0.7147385 -16.11443 136.0324
3.462148 -8.551454 134.2177
0.6387174 -16.32226 135.343
1.297704 -16.34253 135.0694
1.120294 -15.8103 134.0555
2.032712 -16.28678 134.5979
2.894436 -16.0891 133.8477
2.534518 -15.66332 133.067
3.49763 -15.52645 132.033
4.034959 -15.89648 132.5348
4.891625 -15.00939 130.5275
5.418799 -15.4656 130.7353
6.736773 -14.66468 128.2819
7.289272 -15.15641 128.4593
9.408121 -14.39604 124.8856
10.33575 -14.73569 125.1391
12.92602 -14.13245 122.2092
14.38592 -14.05643 120.3793
14.06658 -13.85365 118.5849
3.193505 -16.09416 134.2836
2.250662 -16.23103 135.12
3.533113 -15.67343 134.7297
2.499036 -15.74945 135.6218
1.439632 -16.21581 135.6725
3.877818 -14.8624 135.2772
2.772778 -14.86746 136.1744
1.60183 -15.67849 136.2301
4.055228 -13.67624 135.6523
3.011038 -13.60022 136.4785
1.794452 -14.66978 136.8232
4.460784 -15.93196 132.8136
4.906838 -15.51123 133.2647
5.99161 -15.5822 130.9786
5.271814 -14.5836 133.9136
1.987075 -13.24536 137.102
2.306413 -11.62836 136.7117
3.365858 -12.23665 136.2352
2.777835 -10.06201 135.6066
4.080596 -10.98458 135.3329
4.100866 -12.6827 135.7182
5.317451 -13.31126 134.4306
4.96259 -12.07951 134.8514
6.356585 -11.21774 133.3104
5.114673 -9.757883 133.8882
4.552018 -6.686037 132.8998
6.589746 -8.242229 132.0533
6.103112 -4.34924 131.5514
8.597091 -6.351487 129.9648
8.201691 -10.03668 131.0851
10.45741 -8.597091 128.363
9.159746 -11.76013 130.274
6.944607 -12.66243 132.6666
7.040898 -14.02095 132.0634
6.655653 -15.10062 131.4551
8.120612 -15.20201 128.7229
9.007663 -14.53291 129.1741
11.27859 -14.60893 125.5294
13.69655 -13.97531 122.5387
15.06012 -13.81311 120.5263
15.20205 -14.17299 119.0106
15.80524 -13.91956 118.9955
15.56193 -14.22368 117.9766
15.67347 -14.39604 117.3683
15.49096 -14.71032 117.9056
15.06012 -15.01444 119.0056
14.0311 -14.33523 119.406
13.97025 -15.54671 120.6277
11.87167 -16.38311 123.3193
11.28875 -15.60247 123.5373
9.261135 -17.27016 126.3151
11.98322 -17.85313 123.0557
9.347312 -18.75033 126.0211
7.339967 -17.99506 128.5049
5.971339 -18.58308 130.1169
4.876413 -18.92774 131.4298
4.622982 -18.31945 131.5312
3.822067 -19.03419 132.6159
2.818415 -19.05956 133.6246
1.834992 -19.1001 134.2785
1.95665 -20.00746 134.0809
2.068195 -21.16319 133.2292
2.210123 -22.20233 131.9772
2.493979 -23.15532 130.4667
2.980613 -23.99678 128.6925
3.746046 -24.73179 126.6142
4.846029 -25.31471 124.0898
6.204501 -25.78613 120.9419
2.9654 -20.03788 133.3459
3.02625 -21.05169 132.6362
3.137753 -21.90836 131.6528
3.507786 -22.64337 130.4058
3.746046 -21.63967 131.3639
3.867704 -20.98578 131.8251
4.724371 -21.05169 130.7759
4.247851 -21.95395 130.4768
4.166773 -23.26683 128.8243
5.190694 -23.72304 126.8676
5.099461 -22.31387 129.0879
6.711405 -23.95624 124.4143
7.720155 -26.24234 117.1959
8.607246 -24.05253 121.3525
3.948782 -20.03788 132.332
4.947377 -19.97703 131.1611
6.04736 -19.81483 129.8229
7.405874 -19.41944 128.2059
8.997548 -20.49915 125.4939
7.07638 -20.98073 127.7547
11.58276 -19.7743 122.5437
10.45235 -21.97932 121.8645
14.03616 -18.95311 119.4212
14.21863 -16.95588 120.2171
5.758447 -21.13277 129.4478
6.316046 -22.47101 127.2782
8.115514 -22.30877 124.911
10.47772 -24.29079 117.9157
13.03251 -21.88299 117.7738
12.43433 -24.29079 114.7425
15.861 -17.88861 116.9831
15.54166 -16.18033 118.2858
16.16006 -15.43521 117.0692
9.443602 -26.74419 113.0647
11.33944 -27.08889 108.4367
12.7334 -26.98751 103.6059
13.86886 -26.68338 99.08429
17.25499 -23.42397 104.5285
15.22738 -26.77461 94.65903
16.67207 -28.01653 90.21856
18.02548 -29.48654 85.49932
20.37749 -30.17591 78.79803
15.6481 -23.16038 110.3984
20.30147 -32.17315 67.95032
21.10238 -31.47362 56.35239
20.54479 -31.2759 45.9254
17.91394 -32.39615 35.77212
18.56277 -31.47362 28.19899
23.44428 -29.2128 36.01544
26.24744 -26.65295 43.87243
30.09484 -22.35947 43.44664
31.09849 -19.01898 51.36953
34.70766 -8.429794 44.24755
32.87773 -13.61539 55.29804
33.5671 -0.7197956 44.3996
33.94728 -0.4004575 33.92701
31.64597 6.589746 44.73418
30.7183 13.85365 34.66203
29.14183 13.4684 48.12027
26.63269 19.81483 34.70762
20.7881 24.92441 26.19165
20.0024 24.95989 17.16372
26.6935 20.14433 25.4161
25.67463 16.62133 56.22058
22.81572 17.14345 65.63885
27.33221 12.86521 58.61317
28.73632 9.686919 56.52474
29.97823 5.307255 55.33858
33.71412 -8.490604 54.94828
32.71553 -1.353415 55.1409
29.09118 3.472304 65.59322
21.02126 16.4135 75.09767
31.5091 -2.39259 65.55267
27.35754 7.360237 65.8112
26.28798 4.617884 75.14836
27.74278 0.937786 75.08751
26.42485 0.9935376 83.5173
27.53499 -2.74741 82.82793
29.43079 -3.75616 75.28519
33.07035 -8.931642 64.84299
30.66255 -8.602148 77.73863
29.12667 -7.208153 83.21318
29.68932 -14.10712 84.60207
28.76675 -13.71678 87.42551
28.00131 -7.699844 88.87019
27.40318 -13.39744 90.89276
26.36404 -19.10515 88.40894
26.18663 -12.28734 94.77057
25.21842 -18.44111 91.7798
21.84751 -23.33274 91.47569
23.04382 -24.23504 87.62323
20.28626 -22.71433 95.54611
24.306 -24.09817 84.20161
24.67098 -26.5972 76.93771
24.67098 -28.39161 68.1531
23.76362 -18.25359 95.78944
24.29585 -14.40109 100.3972
21.9033 -18.87705 100.1843
18.63883 -22.92722 99.90041
20.08352 -19.50055 104.6957
18.64389 -19.36874 109.2122
15.98265 -20.15444 114.6361
17.60981 -18.16231 112.9481
16.89001 -16.56558 115.5688
16.57068 -14.45689 116.7093
16.19049 -14.09697 117.8144
16.22597 -13.2403 118.8434
15.46054 -13.00714 120.577
14.16797 -13.1237 122.858
11.96291 -13.72188 125.9806
9.392949 -13.27073 129.6607
11.70442 -10.67536 127.1819
12.14036 -12.39379 126.4469
13.83338 -9.722401 124.0138
12.71313 -7.132133 125.3773
10.82748 -4.252908 127.3644
7.90772 -1.637312 129.4579
9.590629 1.323031 126.305
12.86015 -2.073251 124.0949
10.96431 4.496225 121.976
14.70526 -5.925702 122.1839
14.46704 0.1976796 120.0853
17.29553 -5.378218 117.8194
15.52645 -9.261135 121.1548
16.97113 -9.803521 118.6001
15.67853 -11.59288 120.6986
14.27442 -11.74496 123.2534
16.66191 -12.02882 118.6761
16.55546 -13.60528 117.7434
17.08769 -13.1288 117.1858
17.5997 -14.58866 115.1886
17.81765 -11.82098 116.613
18.43609 -9.945449 115.6144
19.08998 -13.28594 113.455
18.37524 -1.292606 113.9923
19.29782 -5.961185 114.778
12.09978 7.132133 116.5116
13.09332 9.250979 110.7279
14.01079 11.27859 105.0658
15.26792 13.14401 98.94235
13.20992 21.91341 85.04311
17.16881 15.21216 90.77615
17.08769 18.48169 83.81133
18.2181 20.25077 75.21932
19.7236 15.20707 83.50209
22.59773 11.08597 84.17124
21.3406 9.757883 91.69873
19.81483 7.998913 98.10091
23.97145 4.780081 91.85081
18.35497 6.163921 103.7478
22.59773 2.767679 97.22397
25.21842 0.6488316 91.22731
25.20831 5.388373 85.37766
25.3046 8.313194 75.48797
23.59127 12.50529 75.42716
26.35389 10.46752 66.63239
25.05622 13.5191 66.61212
26.55666 -3.325277 90.08678
24.52399 -2.088423 96.44838
25.96864 -6.802638 95.77928
24.6355 -9.296618 100.7013
23.62169 -4.13125 101.3552
22.51665 -5.641846 104.8934
22.90695 -11.09103 105.2634
22.177 -15.76976 104.8174
20.87934 -13.53431 109.4859
20.03788 -16.4135 109.0095
18.47663 -16.03841 112.5628
20.80331 -11.36477 110.0233
19.56646 -10.8376 112.8264
21.71573 -9.661551 107.3215
20.96551 -8.87585 108.4468
21.70052 -6.498513 106.7183
20.29641 -9.935293 110.2869
20.57015 -8.328406 109.2832
20.09364 -8.951911 110.4592
19.40932 -9.382752 112.1269
19.81993 -7.821503 109.9117
19.51577 -7.922891 110.6467
18.90242 -8.673112 114.1748
21.13281 -6.904028 107.9145
20.61575 -7.167614 109.0804
19.76924 -7.345024 110.0588
19.66785 -6.625228 109.9168
20.78304 -6.392025 109.8408
20.54479 -6.169019 111.2094
19.61716 -6.675923 110.6113
19.29782 -6.888814 111.1689
19.22685 -7.527491 111.1233
19.41438 -7.9837 111.1384
19.53604 -8.348676 111.62
19.54619 -7.542704 111.9444
21.28485 -5.160269 109.4048
19.80978 -7.030743 111.9647
20.65123 -5.008185 111.9799
19.86553 -6.437663 113.2624
19.25724 -8.029338 112.9329
21.31528 -3.654771 109.1919
20.01256 -3.588864 112.9076
20.47888 -0.6538888 108.244
21.29501 0.9428431 102.5566
17.09785 4.52665 109.4454
15.71907 2.605482 115.1784
25.82166 -27.45893 59.7182
25.7 -22.74981 82.21458
27.29167 -21.15304 80.95747
27.2004 -19.32314 85.80344
27.85433 -18.8872 84.17124
30.27225 -14.39098 82.87863
31.6713 -10.93389 76.6944
32.59893 -12.46475 76.01514
33.30861 -11.17721 67.18999
32.98417 -13.90435 59.98689
32.62429 -17.41719 57.25465
31.95009 -17.44761 55.82521
30.11005 -21.18346 54.60863
27.9861 -24.70646 55.56163
25.55803 -27.60086 52.02851
28.5437 -23.47466 50.54329
0 37.00392 -0.628562
1.921168 36.47675 0.2990686
1.312876 40.27345 2.869068
1.221642 47.60326 5.814158
0 56.31185 7.993855
3.360759 35.56939 3.771373
7.339967 33.22243 9.813635
2.260776 40.1163 5.768561
1.921168 47.48159 8.546396
0.9326878 56.22058 8.820097
0.8566666 65.17249 11.77029
0.6387174 73.21703 13.98037
0 73.22719 13.45319
0.4815769 81.05885 15.66332
0.3649755 86.88822 16.67712
0.2331617 89.39738 16.86465
0.5322303 86.77672 17.39692
0.3345506 89.58493 17.36649
0 90.28446 17.22962
0.3548202 89.24533 18.19274
0.3548202 88.32275 19.29272
0 87.39513 20.65123
0.3599184 86.87302 20.49409
0 84.71362 22.16179
0.4257842 84.45 21.84751
0 80.99295 23.73825
0.9935376 73.18156 15.3034
0.4815769 80.84086 23.31752
1.333145 64.99507 13.53937
1.551136 56.01278 11.08091
1.586618 64.86835 16.11953
2.478766 47.51708 12.93618
1.905956 55.88096 14.70526
1.591675 64.85315 19.25724
1.992132 55.92661 18.9835
1.323031 64.89879 22.51155
1.764028 56.01278 23.44424
2.656176 47.69955 18.81624
3.477361 40.56741 18.74528
2.205024 47.93781 24.25531
3.066748 40.81583 25.923
3.021152 40.28356 11.44585
4.587459 36.48686 19.00381
4.227582 36.10162 10.75142
3.994379 36.84678 27.73267
7.299387 34.13991 28.02664
2.9654 37.02419 35.21452
6.331217 34.0284 39.08223
1.733603 37.85549 38.73752
2.504093 35.65556 41.74347
0 41.97662 36.69469
1.170948 41.56605 35.43757
2.032671 41.1656 32.02612
1.56125 48.2014 28.91879
1.333145 56.06853 27.09395
0.9479002 48.4295 31.98558
0.8516095 56.19019 29.50175
0.6843136 65.04071 27.20546
1.044232 64.90891 25.25896
0.8870915 73.21703 23.62675
0.5981371 73.35896 25.188
0.6691011 80.66851 22.24796
0.623505 83.82653 21.40651
1.074657 73.18665 21.55859
0.7755473 80.78005 20.7881
1.196274 73.18156 19.27245
1.170948 73.15623 17.10291
0.836397 80.94225 19.23191
0.8262417 81.04364 17.79228
0.5829247 85.88452 19.33836
0.6082925 84.90114 20.44845
0.5677534 86.54352 18.2637
0.729951 81.0639 16.59095
30.06951 -21.45215 74.25621
27.03314 -23.94608 75.99487
27.29167 -25.29444 67.72221
30.94645 -22.55719 66.37386
38.12923 -20.71204 71.80787
39.39651 -21.65488 64.10293
39.85272 -21.36597 55.33353
45.55032 -20.36738 70.05906
45.62128 -21.18852 61.55826
52.42897 -20.34706 68.17842
44.92175 -20.76273 52.45936
51.3949 -20.89961 59.54585
57.20906 -20.6715 57.63484
55.69344 -20.14433 49.86909
63.05873 -20.28626 55.34869
68.84756 -20.14938 52.35797
67.24574 -19.89595 46.68068
74.27648 -19.8351 48.72856
72.84195 -19.63742 44.48072
78.16951 -19.29272 50.07693
32.43167 -22.21248 59.36844
28.45247 -24.45804 60.33155
29.86673 -22.36457 56.77818
33.25792 -21.2747 55.37912
31.37728 -19.94661 55.9722
33.52656 -19.43465 54.02065
39.09744 -20.32174 49.74743
34.59612 -17.70105 55.87591
35.06754 -15.91675 60.28596
33.37447 -14.96379 61.15274
34.93067 -14.27438 66.66787
33.83578 -12.94629 67.51944
33.50629 -14.00064 74.0737
31.84871 -15.54166 78.50402
30.72339 -14.75595 81.53532
30.24182 -17.7568 79.90817
28.48795 -18.36003 82.77724
29.85152 -19.7743 78.91464
37.14585 -19.35863 77.38886
45.3019 -19.2167 74.98612
53.03726 -19.40932 72.98388
60.34681 -19.33836 70.59129
59.06942 -20.24062 65.80105
66.74899 -19.15585 66.75401
65.24855 -19.86553 62.46056
72.2945 -19.16095 61.68501
70.98669 -19.79962 58.20765
36.94817 -18.03054 78.28607
37.86564 -17.05221 76.61837
45.13464 -18.27386 75.99487
45.46414 -17.49321 74.34239
53.26537 -18.47659 74.2866
76.84647 -19.12542 56.11919
75.66032 -19.57657 53.48838
79.35563 -18.99365 50.48749
77.57133 -19.30793 46.59451
79.33537 -18.9328 45.58575
76.28382 -19.24202 43.71528
79.75103 -18.60335 50.56861
77.01374 -18.92269 42.3365
72.47697 -19.17106 41.784
66.76926 -19.32314 42.92452
60.99054 -19.30288 44.41481
61.46706 -19.93144 48.63733
55.18144 -19.39411 45.1397
50.14789 -20.36738 50.90823
49.33686 -19.4397 45.51985
43.7305 -19.64754 46.55397
38.71725 -18.99871 48.12027
43.48212 -18.72501 45.02816
44.24755 -17.91394 47.19264
49.23547 -18.61346 43.91296
55.21693 -18.65404 43.59362
49.89951 -17.96463 46.07239
55.76436 -18.03559 45.61113
61.02602 -18.63373 42.89916
66.82501 -18.62362 41.61671
67.2052 -18.13193 43.22865
61.50254 -18.10656 44.73415
56.74779 -17.25499 50.32529
51.2327 -17.01167 51.60269
62.32373 -17.51858 48.97694
39.7716 -17.88351 50.39626
45.91529 -16.74299 53.52386
40.99324 -16.38817 56.55512
40.94254 -15.51123 64.60983
67.88951 -17.62502 46.93412
39.42183 -15.91675 72.10184
46.11297 -16.59095 69.542
53.24001 -17.67062 72.52767
60.89931 -18.52223 72.12211
67.40288 -18.50702 68.08719
72.82673 -18.50196 62.66334
77.18609 -18.59319 56.65652
72.25902 -17.94942 61.07672
76.40043 -18.14204 55.52105
71.17425 -17.4831 57.52839
78.81835 -18.28907 50.26955
60.59518 -17.79228 70.2111
78.95518 -18.38536 45.8088
79.89296 -18.64389 45.32723
77.44462 -18.64389 41.77385
76.93266 -18.38536 42.78765
72.61384 -18.61856 40.81073
72.71013 -18.2637 42.16924
73.11059 -17.87845 44.89129
69.38995 -17.24989 52.2211
74.24606 -17.61487 48.79953
76.20271 -18.17752 44.27794
77.21651 -18.09135 46.82766
77.6423 -18.06602 49.85893
75.39674 -17.73653 52.97132
63.87482 -17.06742 55.32843
58.22792 -16.81395 57.68048
52.47967 -16.5301 59.74357
46.65536 -16.18033 61.96381
53.04738 -16.83932 67.77291
66.91119 -17.91394 66.23698
59.69794 -17.04716 65.31441
65.72502 -17.32595 61.84721
30.78926 -9.443602 -144.6193
32.67495 -9.458815 -144.2088
30.57127 -9.621012 -142.7641
29.78051 -9.56526 -139.2766
30.75378 -9.311789 -137.1071
28.84782 -9.392908 -135.8956
29.94781 -9.220554 -135.2569
26.26767 -9.494297 -134.1772
26.19671 -9.286462 -132.1648
23.08432 -9.773096 -132.3017
23.1705 -9.453757 -130.269
19.29778 -10.04174 -130.4312
14.83198 -10.45741 -128.6063
14.86236 -9.945449 -126.2999
9.651396 -11.03022 -126.7865
5.337679 -12.02882 -125.1341
5.560686 -11.90716 -121.5857
26.87596 -9.732515 -137.6444
2.306372 -13.9145 -124.0594
1.966764 -12.77394 -129.3312
0 -12.15047 -134.5067
1.865376 -11.6233 -134.8767
1.824836 -10.44725 -138.9623
4.947336 -11.10118 -136.0274
9.463872 -10.81729 -137.837
9.195187 -10.31038 -142.0443
14.94348 -10.59428 -139.2513
14.908 -10.22931 -142.9719
19.66781 -10.29011 -140.0116
19.77931 -9.935293 -143.195
23.94099 -10.10765 -140.6149
24.18936 -9.702131 -143.271
27.65661 -9.909966 -141.507
23.36822 -9.930236 -136.0679
19.39407 -10.20903 -134.6131
14.87251 -10.66019 -133.28
9.610857 -11.07582 -131.7643
5.094363 -11.7348 -130.2537
-0.9326878 -19.13052 134.603
0 -20.00746 134.5726
-1.698121 -18.79087 134.1518
-1.834951 -19.1001 134.2785
-2.818374 -19.05956 133.6246
-3.609134 -18.55771 132.6514
-3.822026 -19.03419 132.6159
-4.622941 -18.31945 131.5312
-4.876372 -18.92774 131.4298
-5.6925 -17.91394 130.2284
-5.976356 -18.58308 130.1169
-7.339926 -17.99506 128.5049
-9.261094 -17.27016 126.3151
-11.87163 -16.38311 123.3193
-13.97021 -15.54671 120.6277
-14.03106 -14.33523 119.406
-2.965359 -20.03788 133.3459
-15.06008 -15.01444 119.0056
-14.21859 -16.95588 120.2171
-11.98318 -17.85313 123.0557
-9.34727 -18.75033 126.0211
-11.58272 -19.7743 122.5437
-8.997508 -20.49915 125.4939
-7.405832 -19.41944 128.2059
-7.076339 -20.98073 127.7547
-15.49092 -14.71032 117.9056
-15.54162 -16.18033 118.2858
-14.03612 -18.95311 119.4212
-10.45231 -21.97932 121.8645
-15.86095 -17.88861 116.9831
-16.16006 -15.43521 117.0692
-16.88997 -16.56558 115.5688
-16.57064 -14.45689 116.7093
-15.67343 -14.39604 117.3683
-14.31997 -13.64076 117.566
-15.56189 -14.22368 117.9766
-16.19045 -14.09697 117.8144
-15.20201 -14.17299 119.0106
-15.8052 -13.91956 118.9955
-14.38588 -14.05643 120.3793
-13.10849 -13.81311 119.9028
-12.92602 -14.13245 122.2092
-11.72465 -13.92461 121.7175
-10.33575 -14.73569 125.1391
-9.408079 -14.39604 124.8856
-7.289231 -15.15641 128.4593
-6.736732 -14.66468 128.2819
-5.418757 -15.4656 130.7353
-4.034918 -15.89648 132.5348
-2.894395 -16.0891 133.8477
-2.032671 -16.28678 134.5979
-1.120253 -15.8103 134.0555
-1.297663 -16.34253 135.0694
-0.6386763 -16.32226 135.343
0 -16.28678 135.4343
-0.7146974 -16.11443 136.0324
-0.7907596 -15.55683 136.6204
-0.8819933 -14.43152 137.244
4.111473E-05 -14.33013 137.3758
-0.978284 -12.87027 137.4568
4.111473E-05 -12.70807 137.538
-3.193464 -16.09416 134.2836
-1.155735 -11.13667 136.9246
4.111473E-05 -10.9491 136.955
-1.399011 -9.474028 135.6624
0 -9.276306 135.6573
-1.763987 -7.750538 134.4205
0 -7.466682 134.5067
-2.346952 -5.606364 133.5385
0 -2.524362 132.9454
-1.987034 -13.24536 137.102
-3.117443 -3.000882 132.5804
0 0.6843136 131.4804
-4.105882 0.09633182 130.9634
-5.119689 3.761217 128.2211
0 9.266192 124.2926
-5.966241 7.988799 123.6741
0 12.92096 118.2655
-3.462107 -8.551454 134.2177
-2.777794 -10.06201 135.6066
-4.551977 -6.686037 132.8998
-4.080555 -10.98458 135.3329
-5.114632 -9.757883 133.8882
-6.589705 -8.242229 132.0533
-6.103072 -4.34924 131.5514
-8.59705 -6.351487 129.9648
-7.907679 -1.637312 129.4579
-10.82744 -4.252908 127.3644
-9.590587 1.323031 126.305
-10.96427 4.496225 121.976
-6.559321 11.15188 117.7079
-7.0358 13.52926 112.0864
0 15.56698 112.8771
-7.446372 15.65822 106.5358
-2.306372 -11.62836 136.7117
-3.365817 -12.23665 136.2352
-4.100825 -12.6827 135.7182
-4.962548 -12.07951 134.8514
-6.356544 -11.21774 133.3104
-8.561567 18.64389 99.63173
-5.31741 -13.31126 134.4306
-8.20165 -10.03668 131.0851
-10.45737 -8.597091 128.363
-3.010996 -13.60022 136.4785
-1.794412 -14.66978 136.8232
-2.772736 -14.86746 136.1744
-4.055187 -13.67624 135.6523
-3.877777 -14.8624 135.2772
-5.271772 -14.5836 133.9136
-6.944567 -12.66243 132.6666
-15.26792 13.14401 98.94235
-14.01079 11.27859 105.0658
-13.09328 9.250979 110.7279
-17.09781 4.52665 109.4454
-15.71903 2.605482 115.1784
-12.09974 7.132133 116.5116
-14.467 0.1976796 120.0853
-12.86011 -2.073251 124.0949
-12.71309 -7.132133 125.3773
-14.70522 -5.925702 122.1839
-11.70438 -10.67536 127.1819
-13.83334 -9.722401 124.0138
-9.159704 -11.76013 130.274
-7.040857 -14.02095 132.0634
-9.392908 -13.27073 129.6607
-1.601789 -15.67849 136.2301
-2.498995 -15.74945 135.6218
-3.533113 -15.67343 134.7297
-2.250621 -16.23103 135.12
-4.906797 -15.51123 133.2647
-4.460743 -15.93196 132.8136
-5.991568 -15.5822 130.9786
-8.120571 -15.20201 128.7229
-6.655612 -15.10062 131.4551
-9.007663 -14.53291 129.1741
-1.439591 -16.21581 135.6725
-11.27855 -14.60893 125.5294
-11.96291 -13.72188 125.9806
-12.14032 -12.39379 126.4469
-14.27438 -11.74496 123.2534
-15.5264 -9.261135 121.1548
-17.29549 -5.378218 117.8194
-16.97109 -9.803521 118.6001
-15.67849 -11.59288 120.6986
-16.66187 -12.02882 118.6761
-15.46054 -13.00714 120.577
-17.8176 -11.82098 116.613
-17.08769 -13.1288 117.1858
-14.16793 -13.1237 122.858
-13.69651 -13.97531 122.5387
-15.06008 -13.81311 120.5263
-18.43605 -9.945449 115.6144
-16.22593 -13.2403 118.8434
-16.55542 -13.60528 117.7434
-17.59966 -14.58866 115.1886
-15.98261 -20.15444 114.6361
-18.47659 -16.03841 112.5628
-17.60977 -18.16231 112.9481
-18.64389 -19.36874 109.2122
-15.64806 -23.16038 110.3984
-20.03784 -16.4135 109.0095
-20.08348 -19.50055 104.6957
-20.8793 -13.53431 109.4859
-17.25495 -23.42397 104.5285
-11.3394 -27.08889 108.4367
-12.43433 -24.29079 114.7425
-13.03247 -21.88299 117.7738
-10.47768 -24.29079 117.9157
-9.443602 -26.74419 113.0647
-7.720113 -26.24234 117.1959
-8.607204 -24.05253 121.3525
-8.115514 -22.30877 124.911
-6.711364 -23.95624 124.4143
-6.20446 -25.78613 120.9419
-4.105882 -27.69719 116.6282
-5.048725 -28.50316 112.061
-3.269485 -26.98245 120.6834
0 -28.19899 116.4204
0 -29.09624 111.7011
0 -29.94275 106.8957
-2.539575 -26.23729 123.9479
-1.956609 -25.42625 126.5179
-4.845988 -25.31471 124.0898
-5.190653 -23.72304 126.8676
-6.316005 -22.47101 127.2782
-5.09942 -22.31387 129.0879
-5.758406 -21.13277 129.4478
-6.047319 -19.81483 129.8229
-4.947336 -19.97703 131.1611
-3.746004 -24.73179 126.6142
-3.948741 -20.03788 132.332
-1.956609 -20.00746 134.0809
-3.026209 -21.05169 132.6362
-0.9934964 -19.9973 134.4712
0 -21.28485 133.7716
-1.054346 -21.25443 133.6246
0 -22.50649 132.332
-2.068153 -21.16319 133.2292
-2.210082 -22.20233 131.9772
-3.867663 -20.98578 131.8251
-4.724329 -21.05169 130.7759
-4.24781 -21.95395 130.4768
-3.746004 -21.63967 131.3639
-3.507745 -22.64337 130.4058
-3.137712 -21.90836 131.6528
-2.493937 -23.15532 130.4667
-1.130367 -22.42032 132.2256
0 -23.6318 130.5883
-1.282451 -23.50509 130.5427
-1.54098 -24.49353 128.6519
0 -25.6949 126.5077
-2.980572 -23.99678 128.6925
-4.166731 -23.26683 128.8243
-2.803161 34.17539 -2.742352
-1.921168 36.47675 0.2990686
0 40.51676 1.728546
-6.625228 32.71553 -0.02026957
-3.360759 35.56939 3.771373
-7.339967 33.22243 9.813635
-4.227582 36.10162 10.75142
-7.669419 33.8459 18.6084
-1.312876 40.27345 2.869068
0 47.69448 4.891625
-2.260776 40.1163 5.768561
-3.021152 40.28356 11.44585
-4.587459 36.48686 19.00381
-3.994379 36.84678 27.73267
-2.965359 37.02419 35.21452
-6.331217 34.0284 39.08223
-1.733603 37.85549 38.73752
-2.504093 35.65556 41.74347
0 38.40803 39.64994
-1.170948 41.56605 35.43757
0 48.65255 33.18691
-0.9479002 48.4295 31.98558
0 56.28142 30.41417
-0.8516095 56.19019 29.50175
0 65.13195 27.95568
-0.6843136 65.04071 27.20546
0 73.44009 25.80135
-0.5981371 73.35896 25.188
-1.044232 64.90891 25.25896
-0.4815358 80.84086 23.31752
-0.8870915 73.21703 23.62675
-0.4257842 84.45 21.84751
-0.3599184 86.87302 20.49409
-0.3548202 88.32275 19.29272
0 88.99185 19.33836
-0.3548202 89.24533 18.19274
0 90.04114 18.1522
-0.3345506 89.58493 17.36649
0 90.02593 16.65681
-0.2331617 89.39738 16.86465
0 86.99973 16.35269
-0.3649755 86.88822 16.67712
0 81.07402 15.26286
-0.4815358 81.05885 15.66332
-0.5322303 86.77672 17.39692
-0.5677122 86.54352 18.2637
-0.729951 81.0639 16.59095
-0.6386763 73.21703 13.98037
0 65.24345 11.1113
-0.8566666 65.17249 11.77029
-0.9935376 73.18156 15.3034
-0.8262417 81.04364 17.79228
-1.333145 64.99507 13.53937
-0.9326878 56.22058 8.820097
-1.551136 56.01278 11.08091
-1.921168 47.48159 8.546396
-1.221642 47.60326 5.814158
-2.478766 47.51708 12.93618
-3.477361 40.56741 18.74528
-2.656176 47.69955 18.81624
-2.205024 47.93781 24.25531
-3.066748 40.81583 25.923
-2.032671 41.1656 32.02612
-1.56125 48.2014 28.91879
-1.333145 56.06853 27.09395
-1.764028 56.01278 23.44424
-1.323031 64.89879 22.51155
-1.992132 55.92661 18.9835
-1.591675 64.85315 19.25724
-1.074616 73.18665 21.55859
-0.6691011 80.66851 22.24796
-0.7755473 80.78005 20.7881
-0.623505 83.82653 21.40651
-0.6082925 84.90114 20.44845
-0.5829247 85.88452 19.33836
-0.836397 80.94225 19.23191
-1.170948 73.15623 17.10291
-1.196274 73.18156 19.27245
-1.586618 64.86835 16.11953
-1.905956 55.88096 14.70526
-27.29163 -25.29444 67.72221
-30.06947 -21.45215 74.25621
-30.9464 -22.55719 66.37386
-39.39647 -21.65488 64.10293
-45.55027 -20.36738 70.05906
-32.43163 -22.21248 59.36848
-39.85268 -21.36597 55.33353
-45.62124 -21.18852 61.55829
-51.39486 -20.89961 59.5459
-59.06938 -20.24062 65.80105
-57.20906 -20.6715 57.63488
-55.69341 -20.14433 49.86909
-63.0587 -20.28626 55.34874
-61.46702 -19.93144 48.63733
-68.84753 -20.14938 52.35801
-75.66032 -19.57657 53.48838
-74.27648 -19.8351 48.72856
-76.28382 -19.24202 43.71532
-33.25787 -21.2747 55.37912
-39.0974 -20.32174 49.74743
-44.92171 -20.76273 52.45936
-33.52656 -19.43465 54.02065
-43.7305 -19.64754 46.55397
-38.71721 -18.99871 48.12027
-50.14789 -20.36738 50.90826
-49.33686 -19.4397 45.51989
-43.48212 -18.72501 45.02819
-55.18144 -19.39411 45.1397
-60.99054 -19.30288 44.41485
-67.24574 -19.89595 46.68068
-66.76922 -19.32314 42.92456
-72.84195 -19.63742 44.48072
-72.47697 -19.17106 41.784
-66.82501 -18.62362 41.61674
-77.01374 -18.92269 42.33654
-72.61384 -18.61856 40.81077
-79.33537 -18.9328 45.5858
-77.57133 -19.30793 46.59451
-79.35563 -18.99365 50.48754
-78.16947 -19.29272 50.07693
-76.84647 -19.12542 56.11922
-70.98664 -19.79962 58.20765
-72.29446 -19.16095 61.68501
-65.2485 -19.86553 62.46056
-66.74895 -19.15585 66.75405
-60.34677 -19.33836 70.59129
-52.42893 -20.34706 68.17842
-53.03723 -19.40932 72.98388
-45.3019 -19.2167 74.98612
-38.12923 -20.71204 71.80787
-37.14585 -19.35863 77.38886
-79.75103 -18.60335 50.56866
-29.85147 -19.7743 78.91464
-30.24182 -17.7568 79.90817
-30.72336 -14.75595 81.53532
-36.94813 -18.03054 78.28607
-31.84871 -15.54166 78.50407
-33.50625 -14.00064 74.0737
-33.83574 -12.94629 67.51944
-37.86564 -17.05221 76.61837
-34.93067 -14.27438 66.66787
-45.13461 -18.27386 75.99487
-53.26533 -18.47659 74.28664
-45.4641 -17.49321 74.34239
-60.89931 -18.52223 72.12215
-53.24001 -17.67062 72.52767
-60.59514 -17.79228 70.2111
-35.06754 -15.91675 60.28596
-32.62425 -17.41719 57.2547
-77.18609 -18.59319 56.65656
-72.82673 -18.50196 62.66334
-40.94254 -15.51123 64.60983
-39.42183 -15.91675 72.10188
-46.11293 -16.59095 69.542
-49.23547 -18.61346 43.91301
-44.24755 -17.91394 47.19264
-67.40288 -18.50702 68.08719
-66.91115 -17.91394 66.23698
-72.25898 -17.94942 61.07672
-76.40039 -18.14204 55.52109
-71.17421 -17.4831 57.52839
-39.7716 -17.88351 50.39626
-45.91525 -16.74299 53.52386
-40.99324 -16.38817 56.55517
-34.59612 -17.70105 55.87591
-46.65532 -16.18033 61.96381
-53.04738 -16.83932 67.77291
-59.69794 -17.04716 65.31446
-52.47963 -16.5301 59.74357
-58.22792 -16.81395 57.68048
-51.23266 -17.01167 51.60273
-56.74775 -17.25499 50.32024
-49.89951 -17.96463 46.07239
-55.21693 -18.65404 43.59366
-55.76436 -18.03559 45.61113
-61.02602 -18.63373 42.89919
-61.5025 -18.10656 44.73418
-67.20515 -18.13193 43.22869
-72.71013 -18.2637 42.16924
-73.11059 -17.87845 44.89133
-76.93266 -18.38536 42.78769
-67.88947 -17.62502 46.93415
-62.32369 -17.51858 48.97698
-63.87482 -17.06742 55.32846
-69.38992 -17.24989 52.22114
-65.72502 -17.32595 61.84721
-75.39674 -17.73653 52.97136
-78.81831 -18.28907 50.26955
-77.64736 -18.06602 49.85897
-78.95518 -18.38536 45.8088
-77.21651 -18.09135 46.82771
-79.89296 -18.64389 45.32727
-77.44462 -18.64389 41.77388
-74.24606 -17.61487 48.79953
-76.20271 -18.17752 44.27798
-30.57135 -9.621012 -142.7641
-32.02616 -9.392908 -140.6808
-27.97093 -9.56526 -143.7222
-27.65665 -9.909966 -141.507
-23.94103 -10.10765 -140.6149
-19.66785 -10.29011 -140.0116
-14.94352 -10.59428 -139.2513
-9.463913 -10.81729 -137.837
-4.628039 -10.34081 -140.2448
-4.947377 -11.10118 -136.0274
-1.865417 -11.6233 -134.8767
-1.966806 -12.77394 -129.3312
0 -13.37717 -129.0372
-2.306413 -13.9145 -124.0594
0 -14.50754 -123.6741
-2.818415 -14.52275 -118.3821
-5.560727 -11.90716 -121.5857
-5.33772 -12.02882 -125.1341
-9.600742 -10.58413 -123.9225
-9.651438 -11.03022 -126.7865
-14.8624 -9.945449 -126.2999
-14.83202 -10.45741 -128.6063
-19.38905 -9.621012 -128.3225
-19.29782 -10.04174 -130.4312
-23.17054 -9.453757 -130.269
-29.78055 -9.56526 -139.2766
-23.08436 -9.773096 -132.3017
-26.26771 -9.494297 -134.1772
-28.49305 -9.220554 -133.9491
-28.84786 -9.392908 -135.8956
-26.876 -9.732515 -137.6444
-23.36826 -9.930236 -136.0679
-19.39411 -10.20903 -134.6131
-14.87256 -10.66019 -133.28
-9.610898 -11.07582 -131.7643
-5.094403 -11.7348 -130.2537
-19.08994 -13.28594 113.455
-20.80328 -11.36477 110.0233
-19.56642 -10.8376 112.8264
-18.90238 -8.673112 114.1748
-20.29637 -9.935293 110.2869
-19.29778 -5.961185 114.778
-18.3752 -1.292606 113.9923
-18.35493 6.163921 103.7478
-20.47888 -0.6538888 108.244
-20.01252 -3.588864 112.9076
-21.31523 -3.654771 109.1919
-20.65119 -5.008185 111.9799
-19.86549 -6.437663 113.2624
-20.54474 -6.169019 111.2094
-19.80974 -7.030743 111.9647
-19.25724 -8.029338 112.9329
-19.29778 -6.888814 111.1689
-19.54615 -7.542704 111.9444
-19.40928 -9.382752 112.1269
-19.53604 -8.348676 111.62
-20.09359 -8.951911 110.4592
-19.51572 -7.922891 110.6467
-19.41438 -7.9837 111.1384
-19.23187 -7.527491 111.1233
-19.61712 -6.675923 110.6113
-19.7692 -7.345024 110.0588
-19.66781 -6.625228 109.9168
-20.783 -6.392025 109.8408
-20.61571 -7.167614 109.0804
-21.28485 -5.160269 109.4048
-21.13277 -6.904028 107.9145
-21.70048 -6.498513 106.7183
-22.51661 -5.641846 104.8934
-19.81989 -7.821503 109.9117
-20.57011 -8.328406 109.2832
-20.96547 -8.87585 108.4468
-21.71569 -9.661551 107.3215
-22.90691 -11.09103 105.2634
-22.177 -15.76976 104.8174
-21.90326 -18.87705 100.1843
-24.29585 -14.40109 100.3972
-18.63879 -22.92722 99.90041
-20.28626 -22.71433 95.54611
-13.86886 -26.68338 99.08429
-15.22733 -26.77461 94.65903
-12.7334 -26.98751 103.6059
-7.446372 -30.04414 97.96404
-6.792483 -29.71465 102.6225
-6.011837 -29.25338 107.3113
0 -30.61185 102.1967
-8.064819 -30.34826 93.09779
0 -31.83855 92.29686
-8.916389 -31.72199 88.08955
-9.915024 -33.69381 83.03067
-10.9491 -35.1892 76.51698
-23.76358 -18.25359 95.78944
-21.84751 -23.33274 91.47569
-24.63546 -9.296618 100.7013
-26.18659 -12.28734 94.77057
-23.62165 -4.13125 101.3552
-25.21838 -18.44111 91.7798
-25.9686 -6.802638 95.77928
-21.29497 0.9428431 102.5566
-16.67202 -28.01653 90.21856
-18.02544 -29.48654 85.49932
-23.04378 -24.23504 87.62323
-20.37749 -30.17591 78.79803
-11.56245 -36.33478 66.95679
0 -37.22187 66.17618
-20.30143 -32.17315 67.95032
-11.31408 -36.43111 55.34874
-26.364 -19.10515 88.40894
-27.40314 -13.39744 90.89276
-28.7667 -13.71678 87.42551
-28.00131 -7.699844 88.87019
-26.55662 -3.325277 90.08678
-24.52395 -2.088423 96.44838
-25.21838 0.6488316 91.22731
-22.59773 2.767679 97.22397
-19.81483 7.998913 98.10091
-23.97141 4.780081 91.85081
-21.3406 9.757883 91.69873
-12.04908 19.65264 92.79362
-17.16877 15.21216 90.77615
-7.040857 22.20233 93.98993
0 25.78108 86.43201
-7.527491 24.88387 86.08225
-7.938104 27.08889 76.65891
-13.20988 21.91341 85.04311
-8.977238 28.94921 66.33332
0 31.44825 64.22964
-14.11724 23.9613 75.80731
-17.08769 18.48169 83.81133
-18.21806 20.25077 75.21932
-19.72356 15.20707 83.50209
-15.51123 25.38062 65.61858
-19.98209 21.32033 65.32457
-21.02126 16.4135 75.09767
-22.81568 17.14345 65.63885
-25.05618 13.5191 66.61212
-23.59127 12.50529 75.42716
-22.59773 11.08597 84.17124
-25.20827 5.388373 85.37766
-26.42485 0.9935376 83.5173
-27.53495 -2.74741 82.82793
-29.12662 -7.208153 83.21318
-29.43075 -3.75616 75.28522
-29.68928 -14.10712 84.60207
-27.2004 -19.32314 85.80344
-24.30596 -24.09817 84.20161
-24.67094 -26.5972 76.93771
-25.69996 -22.74981 82.21458
-27.0331 -23.94608 75.99487
-27.29163 -21.15304 80.95747
-27.85429 -18.8872 84.17124
-28.48791 -18.36003 82.77724
-30.27225 -14.39098 82.87863
-31.6713 -10.93389 76.6944
-32.59893 -12.46475 76.01514
-33.30857 -11.17721 67.18999
-33.37447 -14.96379 61.15278
-32.98417 -13.90435 59.98689
-33.07035 -8.931642 64.84303
-30.66255 -8.602148 77.73863
-27.74278 0.937786 75.08751
-26.28798 4.617884 75.14836
-25.30456 8.313194 75.48797
-26.35389 10.46752 66.63239
-27.33217 12.86521 58.61317
-27.35754 7.360237 65.8112
-29.09114 3.472304 65.59322
-22.13136 21.05169 54.81647
-25.67463 16.62133 56.22062
-29.14183 13.4684 48.12027
-17.49827 25.90779 54.71512
-11.21269 29.66901 55.21693
-5.063937 32.00079 55.21186
-2.265833 33.23254 53.41741
-2.575057 34.26157 46.07749
-6.544109 33.00444 45.42356
-12.81452 30.33815 44.67839
-19.00886 25.77602 44.28304
-13.82832 30.64734 36.26381
-20.28116 25.14746 35.00163
-7.299387 34.13991 28.02664
-14.21357 30.66255 27.25109
-13.66103 30.36348 18.27891
-12.90069 29.97823 9.225653
-20.78806 24.92441 26.19169
-12.65228 29.30913 -0.136871
-24.99032 20.06827 44.52636
-26.63269 19.81483 34.70766
-30.7183 13.85365 34.66203
-26.6935 20.14433 25.4161
-30.48008 14.33013 24.87371
-25.91795 20.33695 16.23103
-20.0024 24.95989 17.16372
-18.54756 24.66588 8.186478
-17.56927 24.41751 -0.6386763
-24.5848 20.19502 7.218308
-10.75142 29.45612 -7.704901
-16.75315 24.05759 -9.215498
-23.32258 19.68812 -1.520711
-21.72079 18.94801 -10.09749
-27.39302 14.05133 -2.007345
-15.81536 23.19081 -18.30934
-19.85537 17.76189 -18.73006
-26.02945 12.9615 -10.47768
-14.62924 22.03507 -27.60592
-18.71485 16.45407 -27.92529
-24.55943 11.80577 -19.13558
-13.42281 20.20514 -36.96334
-17.52363 14.9739 -37.33337
-11.20257 27.51974 -18.04065
-22.78529 10.61455 -28.16351
-26.46539 5.07915 -19.11025
-28.1534 6.214615 -10.50301
-29.57272 7.375449 -2.063096
-28.8833 -0.7451634 -10.54864
-30.22155 -0.2838561 -2.052941
-31.61045 -0.2179492 6.386968
-30.79436 7.968529 6.366699
-32.83715 -0.1267156 14.99417
-31.86898 8.115514 15.13614
-28.6552 14.67484 6.569477
-29.82615 14.78128 15.55177
-32.39109 7.71 24.38708
-32.55329 7.091552 34.15512
-33.48092 -0.1672959 24.16407
-31.64593 6.589746 44.73418
-33.94728 -0.4004575 33.92701
-33.5671 -0.7197956 44.39964
-29.97823 5.307255 55.33858
-28.73632 9.686919 56.52474
-32.71549 -1.353415 55.1409
-31.50906 -2.39259 65.55267
-33.71408 -8.490604 54.94828
-32.87773 -13.61539 55.29804
-34.70762 -8.429794 44.24755
-31.95009 -17.44761 55.82521
-31.37728 -19.94661 55.9722
-31.09849 -19.01898 51.36953
-33.25787 -16.49967 42.13882
-30.09484 -22.35947 43.44664
-31.37223 -20.86412 33.2934
-33.86111 -15.63795 32.96896
-28.01143 -25.60367 34.80395
-29.13172 -22.80556 24.81291
-34.98136 -8.424738 33.73945
-34.43392 -8.688324 24.07284
-32.72564 -16.40844 24.1235
-33.18185 -8.784616 14.82186
-30.6727 -16.82916 14.88773
-27.63128 -16.00798 5.875008
-25.62393 -23.64701 15.63795
-24.55438 -27.72252 26.54145
-30.11 -21.18346 54.60863
-29.86669 -22.36457 56.77818
-28.5437 -23.47466 50.54329
-26.24744 -26.65295 43.87246
-25.55803 -27.60086 52.02851
-27.9861 -24.70646 55.56163
-28.45247 -24.45804 60.3316
-23.44424 -29.2128 36.01544
-18.56277 -31.47362 28.19899
-18.55771 -29.47133 18.2637
-16.1398 -27.41839 7.694787
-31.33675 -8.22196 6.06763
-29.52708 -7.497107 -2.468611
-25.21842 -14.64441 -2.737254
-27.04326 -1.317933 -19.13558
-28.03679 -7.051013 -10.95416
-21.97422 -22.49634 6.554264
-19.97703 -20.45351 -1.905956
-14.66468 -26.31331 -1.566348
-19.06967 -19.69823 -10.91868
-8.460219 -32.27449 7.314599
-9.129321 -33.91686 16.24624
0 -35.69104 15.61262
-9.453716 -35.63019 24.99537
0 -38.0988 33.00444
-9.833904 -36.20806 33.87632
0 -38.17993 43.18305
-17.91394 -32.39615 35.77212
-10.61961 -36.24355 44.06505
-20.54474 -31.2759 45.9254
-21.10234 -31.47362 56.35239
-25.82162 -27.45893 59.7182
-24.67094 -28.39161 68.1531
-7.735326 -31.10864 -1.809624
-13.7472 -25.67969 -11.17721
0 -32.98417 -1.946495
-7.309542 -29.71465 -11.40025
0 -28.89852 -21.60929
-6.91924 -27.88981 -21.44705
-6.037205 -25.59861 -30.84505
-5.053823 -23.5659 -38.53984
0 -24.22994 -38.61081
-4.916952 -21.76639 -44.37933
0 -22.13646 -45.29179
-5.195751 -19.62727 -50.75618
0 -19.98719 -51.82574
-5.160269 -18.12683 -57.78692
-4.612826 -17.40198 -64.30571
0 -17.53885 -64.45775
-3.441879 -17.48815 -70.10975
-4.602671 -16.83932 -77.43446
0 -17.73147 -83.50719
-7.279118 -16.1398 -71.17421
-7.563014 -14.72553 -79.52798
-10.4473 -13.16934 -72.85716
-5.383317 -15.87111 -86.56379
-7.862082 -12.90069 -86.93891
-9.494297 -12.39379 -79.80173
-9.23071 -9.788308 -86.75135
-11.03022 -9.316887 -78.79298
-10.45741 -5.996666 -86.94397
-9.007663 -7.051013 -95.465
-9.195228 -16.19049 -63.98637
-7.649191 -10.42698 -95.05442
-6.528937 -10.25973 -103.0635
-6.397123 -13.55964 -95.01895
-3.761217 -16.37296 -94.95303
-5.134943 -13.53431 -103.104
-2.651119 -16.2057 -103.3423
-2.169542 -15.42506 -111.0523
0 -15.26792 -118.1134
-4.597614 -12.3431 -115.9439
-4.460743 -13.11864 -110.3223
-5.565825 -9.337156 -115.0619
-5.71281 -9.747727 -109.9472
-8.074975 -6.772214 -103.5704
-7.005416 -5.986511 -110.4339
-7.963472 -2.220237 -103.8644
-5.971339 -0.7704901 -110.1398
-2.448341 2.808259 -111.2804
0 4.055228 -111.3209
-3.350645 4.709117 -103.7326
-6.260253 1.586618 -103.9303
-7.836715 2.590269 -96.33183
-4.541862 6.356544 -95.87562
-1.875572 8.622418 -94.76041
-2.468611 10.45235 -87.46104
0 11.0606 -87.26842
-2.711928 12.86011 -79.58879
-2.828529 15.07024 -71.84335
0 15.60247 -71.79266
-3.208717 17.85818 -64.05733
-4.034959 20.50421 -55.00403
0 20.85397 -54.67959
-4.582402 23.03872 -45.21067
-4.780081 25.6949 -35.55417
0 26.17648 -35.11823
-4.906838 28.1027 -26.50597
0 28.50316 -26.12578
-4.394836 30.24688 -17.81255
-3.710523 32.12751 -9.474028
0 32.4519 -9.610857
-10.50305 25.66957 -27.11422
-9.560205 23.55578 -36.31451
-8.911372 21.09223 -45.84428
-12.60162 17.61487 -46.21941
-7.841814 18.69964 -55.27777
-6.767156 16.37296 -63.97115
-6.427548 13.49883 -71.82814
-6.118324 10.77169 -79.78146
-5.65196 8.292924 -87.83611
-9.321943 4.26812 -88.01863
-10.08232 6.782368 -79.91322
-11.15188 -0.6640441 -87.77531
-12.4597 1.586618 -79.66486
-12.51545 -4.663521 -77.40913
-11.456 9.76294 -70.59129
-11.83113 13.43292 -62.02972
-15.05502 8.703537 -63.30201
-15.07529 12.48502 -54.79619
-11.58272 15.72918 -54.76072
-16.54531 13.2403 -46.50327
-21.08717 9.615955 -37.48545
-24.18435 4.475955 -28.06212
-24.85345 -1.571405 -27.99116
-26.12578 -6.731674 -19.38901
-22.59773 -1.449747 -37.14075
-24.08296 -6.77727 -28.30544
-24.10322 -13.37212 -10.99979
-23.10969 -12.88548 -19.85537
-18.08629 -19.00381 -20.48899
-21.3406 -12.19101 -29.16211
-21.83739 -6.457932 -37.26751
-19.54619 -11.26844 -37.91128
-19.74387 -6.118324 -46.04706
-15.71401 -17.53885 -31.58006
-19.92634 -1.338243 -46.14841
-22.13136 4.156617 -37.27256
-19.34847 8.708594 -46.75671
-20.08348 3.77643 -46.5337
-17.55406 8.191536 -55.40449
-16.49971 3.32022 -63.64672
-18.36509 3.031266 -55.24735
-16.16512 -1.834992 -62.93198
-18.03054 -1.596732 -54.79114
-15.89648 -5.93076 -62.57716
-17.84297 -5.961185 -54.49713
-18.24343 -10.56386 -46.33598
-16.82411 -9.96062 -54.634
-15.90663 -15.16653 -39.09234
-15.07024 -14.40619 -46.93921
-12.77903 -18.10656 -39.41168
-14.25917 -13.7472 -55.25746
-15.08545 -9.641282 -62.84075
-14.026 -5.885122 -70.05396
-14.48731 -2.397647 -70.40882
-14.17809 3.32022 -71.70648
-12.85506 -9.362483 -70.92583
-12.87027 -13.34169 -63.44394
-9.965718 -16.55037 -56.34223
-10.57907 -17.89367 -47.10647
-8.97218 -21.0669 -40.09599
-11.07076 -22.62305 -30.80448
-12.99193 -24.40229 -21.02126
-9.666649 -2.174599 -96.15947
-4.111473E-05 -10.61961 -138.5315
-4.111473E-05 -9.438545 -140.1333
1.753872 -9.311789 -140.6402
4.627998 -10.34081 -140.2448
1.779199 -8.049607 -139.6771
-4.111473E-05 -7.82656 -139.2614
1.698121 -5.540457 -134.679
1.20643 -3.325277 -129.3008
0 -0.7704901 -124.0797
0 1.905956 -118.1895
1.829893 1.181103 -118.1084
1.328047 -1.216585 -123.9732
2.94509 -2.803161 -123.9073
5.804002 -5.205906 -120.6936
6.321062 -6.579591 -118.7369
5.540416 -5.033554 -124.4598
2.443243 -4.273178 -129.3109
5.150114 -5.428913 -130.0966
4.617884 -6.574533 -136.3467
4.080555 -8.277712 -140.7314
9.159704 -6.980048 -137.8269
6.148709 -5.71281 -115.5485
6.300792 -8.850523 -118.301
5.565784 -9.337156 -115.0619
6.011837 -10.80212 -119.3706
9.818692 -10.01641 -122.1788
9.600701 -10.58413 -123.9225
15.11583 -9.316887 -124.8603
9.96062 -8.886003 -121.2765
15.35405 -8.450065 -124.176
19.64754 -9.0533 -126.9639
19.38901 -9.621012 -128.3225
9.828848 -7.324755 -121.6263
9.615913 -6.239983 -123.1672
15.3034 -7.162557 -124.4751
19.92128 -8.232115 -126.3202
23.70277 -8.272655 -128.434
23.4493 -8.987393 -128.9814
26.4096 -8.956968 -130.9584
28.68053 -8.936699 -132.9505
28.493 -9.220554 -133.9491
30.43444 -8.97218 -135.0237
31.95515 -9.022875 -137.5278
32.02612 -9.392908 -140.6808
20.01757 -7.152401 -126.6497
15.06514 -6.341372 -125.8792
9.626069 -5.6925 -126.1782
14.94348 -6.042263 -128.2616
9.494255 -5.956127 -131.4754
19.83001 -6.442719 -128.0893
19.68302 -6.326159 -130.2537
33.562 -9.164804 -141.4867
32.54314 -8.602148 -137.5684
34.17535 -9.012719 -145.2834
34.17535 -8.835309 -141.6996
32.36572 -9.332099 -145.4254
33.88138 -8.409526 -141.6641
32.75603 -9.0533 -146.0996
26.62253 -8.348676 -130.5478
23.76358 -7.299387 -128.8496
23.62671 -6.645498 -130.198
26.63265 -7.532589 -130.9938
26.58705 -7.000319 -132.2307
23.5659 -6.559321 -132.2661
28.92895 -7.694787 -133.0113
28.93906 -7.223365 -134.0656
28.92895 -8.424738 -132.6463
30.81459 -8.500759 -134.897
32.33024 -8.04455 -137.6038
30.76389 -7.831658 -135.0795
30.4395 -7.385563 -135.3684
31.3367 -7.461626 -137.2541
29.42569 -7.137189 -136.0426
26.78473 -6.873602 -134.2532
23.75346 -6.853333 -136.1693
19.65765 -6.691135 -134.5827
14.92827 -6.316005 -133.0215
14.99923 -7.29433 -139.2563
8.769403 -8.374043 -142.2978
4.045073 -9.382752 -141.9987
8.79473 -9.428391 -143.6411
14.85225 -9.514566 -144.3102
19.79962 -9.316887 -144.1682
14.96881 -8.571723 -143.1544
19.89086 -7.557916 -140.0674
19.96688 -8.612263 -143.2609
24.13361 -7.654248 -140.7213
27.32711 -7.127033 -137.837
27.8188 -7.760694 -141.7402
30.30769 -7.410931 -139.5605
32.5634 -7.796176 -140.9798
32.92838 -8.500759 -144.5636
24.26037 -8.465277 -143.3318
27.95568 -8.389256 -143.8742
24.22488 -9.068472 -144.148
27.97089 -9.56526 -143.7222
28.01143 -8.962026 -144.4926
30.77911 -8.521029 -144.807
30.89065 -9.007663 -145.329
32.44684 -8.891062 -145.5673
30.77405 -7.978643 -143.124
-1.824878 -10.44725 -138.9623
-1.753913 -9.311789 -140.6402
-1.77924 -8.049607 -139.6771
-4.045114 -9.382752 -141.9987
-9.195228 -10.31038 -142.0443
-1.698162 -5.540457 -134.679
0 -5.14 -135.1454
0 -3.016053 -129.5644
-1.20643 -3.325277 -129.3008
-2.443284 -4.273178 -129.3109
-2.945131 -2.803161 -123.9073
-1.328088 -1.216585 -123.9732
-1.829935 1.181103 -118.1084
-4.552018 -1.840049 -117.931
-4.080596 -8.277712 -140.7314
-4.617925 -6.574533 -136.3467
-5.150156 -5.428913 -130.0966
-5.540457 -5.033554 -124.4598
-9.626111 -5.6925 -126.1782
-9.615955 -6.239983 -123.1672
-5.804044 -5.205906 -120.6936
-9.828848 -7.324755 -121.6263
-6.321103 -6.579591 -118.7369
-6.148749 -5.71281 -115.5485
-6.300833 -8.850523 -118.301
-6.011878 -10.80212 -119.3706
-9.960662 -8.886003 -121.2765
-9.818733 -10.01641 -122.1788
-15.11587 -9.316887 -124.8603
-19.64758 -9.0533 -126.9639
-23.44934 -8.987393 -128.9814
-26.40964 -8.956968 -130.9584
-26.19675 -9.286462 -132.1648
-28.68057 -8.936699 -132.9505
-30.43448 -8.97218 -135.0237
-29.94785 -9.220554 -135.2569
-30.75382 -9.311789 -137.1071
-31.95519 -9.022875 -137.5278
-30.81463 -8.500759 -134.897
-28.92895 -8.424738 -132.6463
-15.35409 -8.450065 -124.176
-15.3034 -7.162557 -124.4751
-19.92128 -8.232115 -126.3202
-15.06518 -6.341372 -125.8792
-23.70281 -8.272655 -128.434
-14.94352 -6.042263 -128.2616
-9.494297 -5.956127 -131.4754
-14.92831 -6.316005 -133.0215
-9.159746 -6.980048 -137.8269
-8.769444 -8.374043 -142.2978
-8.79477 -9.428391 -143.6411
-14.85229 -9.514566 -144.3102
-14.90804 -10.22931 -142.9719
-19.77935 -9.935293 -143.195
-19.79966 -9.316887 -144.1682
-24.18944 -9.702131 -143.271
-14.96885 -8.571723 -143.1544
-24.22493 -9.068472 -144.148
-14.99927 -7.29433 -139.2563
-19.6577 -6.691135 -134.5827
-19.8909 -7.557916 -140.0674
-19.68306 -6.326159 -130.2537
-19.83005 -6.442719 -128.0893
-19.96692 -8.612263 -143.2609
-24.26041 -8.465277 -143.3318
-24.13365 -7.654248 -140.7213
-27.95572 -8.389256 -143.8742
-27.81885 -7.760694 -141.7402
-28.01147 -8.962026 -144.4926
-30.7893 -9.443602 -144.6193
-30.89069 -9.007663 -145.329
-32.36576 -9.332099 -145.4254
-30.77915 -8.521029 -144.807
-32.75607 -9.0533 -146.0995
-32.44688 -8.891062 -145.5673
-32.92842 -8.500759 -144.5636
-30.77409 -7.978643 -143.124
-32.56345 -7.796176 -140.9798
-30.30773 -7.410931 -139.5605
-27.32715 -7.127033 -137.837
-29.42573 -7.137189 -136.0426
-34.17543 -9.012719 -145.2834
-32.67499 -9.458815 -144.2088
-33.88142 -8.409526 -141.6641
-33.56204 -9.164804 -141.4867
-34.17543 -8.835309 -141.6996
-32.54318 -8.602148 -137.5684
-32.33028 -8.04455 -137.6038
-30.76394 -7.831658 -135.0795
-31.33675 -7.461626 -137.2541
-28.92895 -7.694787 -133.0113
-26.63269 -7.532589 -130.9938
-26.62257 -8.348676 -130.5478
-23.76362 -7.299387 -128.8496
-20.01761 -7.152401 -126.6497
-23.62675 -6.645498 -130.198
-26.58709 -7.000319 -132.2307
-23.56594 -6.559321 -132.2661
-23.7535 -6.853333 -136.1693
-26.78477 -6.873602 -134.2532
-28.9391 -7.223365 -134.0656
-30.43954 -7.385563 -135.3684
0 -18.75033 134.3546
-0.7806044 -18.71991 134.2634
0 -18.64389 134.0302
-0.8566255 -18.85678 134.461
-0.6843136 -18.59825 133.9288
-1.556152 -18.63883 133.9744
-0.6336191 -18.46142 133.4422
0 -18.45632 133.0265
-2.412818 -18.53744 133.4675
-2.630809 -18.69964 133.574
-0.6437334 -18.45632 132.8744
0 -18.50196 132.5652
-3.320179 -18.40057 132.5703
-4.283292 -18.19274 131.5109
-5.276829 -17.82776 130.2182
-1.368627 -18.51717 133.6551
-2.088423 -18.47659 133.1735
-1.348358 -18.25864 133.209
-1.936339 -18.33976 132.9403
-1.753872 -18.36003 132.4233
-0.6488316 -18.40057 132.3827
-1.611944 -18.45127 132.0127
-0.6031942 -18.33466 131.739
0 -18.46142 131.8353
-0.4764786 -18.35493 130.7454
0 -18.44111 130.6846
-0.4764786 -18.4969 129.6961
0 -18.57798 129.5796
-0.5271731 -18.79597 128.4238
-0.5119607 -16.66191 127.5672
-1.647426 -18.58813 128.8953
-2.057998 -17.17893 127.8662
-0.6234639 -16.37296 125.1391
0 -16.33242 122.4677
-0.9985946 -15.88632 122.5945
-2.651078 -15.99277 125.6257
-1.637271 -15.03981 119.8825
-2.13406 -14.06149 116.8107
0 -14.49743 116.4001
-2.575057 -13.6813 113.3435
-3.076903 -14.40619 109.4099
0 -15.87621 108.3708
-3.005898 -12.65738 107.4837
0 -12.56105 106.7031
0 -9.793365 109.3389
-2.433129 -9.915024 109.7343
-6.30585 -12.63201 109.1869
-2.063096 -8.581879 114.4992
0 -9.321943 119.4365
-1.733603 -9.448659 119.6139
-5.834427 -10.3915 110.8952
-5.05888 -9.311789 115.3812
-9.529737 -11.46106 113.2928
-9.504411 -12.92096 111.473
-6.483259 -14.00573 110.814
-6.10817 -13.50894 114.1646
-9.78321 -14.55318 112.5426
-8.997508 -14.467 114.9706
-5.504934 -13.78774 117.5001
-8.434853 -14.73059 117.9817
-7.806291 -15.35915 120.4503
-4.835833 -14.40109 120.3032
-3.751061 -15.19695 122.9696
-6.584648 -16.12964 123.0405
-4.932165 -16.93055 125.7677
-5.550572 -17.02689 125.7575
-3.664885 -17.92915 127.7902
-4.496225 -17.75174 128.1856
-2.965359 -18.33976 129.7367
-1.282451 -18.39042 130.1169
-2.306372 -18.59825 130.8722
-3.65473 -18.17752 130.1017
-2.711928 -18.25864 131.3588
-3.360759 -18.39551 131.3639
-4.22754 -17.96969 130.1676
-3.827083 -18.25864 131.4247
-5.074092 -17.64529 128.2363
-4.729387 -17.94942 130.127
-1.018864 -18.30934 130.8215
-1.439591 -18.3803 131.4804
-2.412818 -18.37524 132.3675
-2.919722 -18.36509 132.4182
-5.743194 -17.56927 128.3326
-6.432565 -17.21441 128.5201
-7.127033 -16.68724 126.087
-6.980048 -17.29047 128.5506
-8.029338 -16.34253 126.2796
-8.840367 -16.46929 126.3658
-10.09243 -15.24255 123.5626
-11.28871 -15.60247 123.5373
-11.44585 -14.3555 121.0991
-13.08822 -14.84213 120.9977
-11.97808 -14.09697 119.2539
-14.34024 -14.07164 118.1945
-12.1251 -14.14766 117.5964
-13.84855 -13.72694 116.8665
-10.64493 -14.71032 119.0005
-10.72605 -14.23384 116.9374
-8.982294 -15.76466 123.3599
-10.23436 -15.12599 120.8659
-9.114108 -15.00433 120.7037
-9.615913 -14.70016 118.595
-8.505816 -15.22738 120.4756
-9.154648 -14.8624 118.1996
-10.06201 -14.64951 116.2125
-9.899811 -15.28313 115.6043
-7.223365 -15.89142 122.9949
-6.098014 -16.66191 125.9248
-7.912736 -15.60752 123.1368
-10.73111 -14.86746 114.2103
-11.04033 -14.20341 114.2559
-10.60945 -15.23243 113.7997
-11.11635 -13.37212 113.967
-11.98318 -13.83844 115.736
-11.38504 -12.54583 114.6614
-11.7804 -12.338 115.7766
-11.39515 -12.10989 116.5218
-14.06654 -13.85365 118.5849
-8.617319 -11.16199 117.4545
-10.80713 -12.41406 118.8839
-10.21409 -12.59653 121.3373
-7.765751 -11.63847 120.7594
-8.227017 -13.82832 124.6474
-4.222483 -9.965718 120.0498
-6.229828 -12.45966 124.4092
-3.436781 -11.17215 124.1608
-1.287508 -10.57401 124.0036
-1.069559 -11.78044 127.1059
0 -11.6689 127.0603
-0.978284 -12.71819 129.1943
0 -13.36702 130.8063
-0.7958168 -13.43798 130.9026
0 -14.09191 132.1648
-0.6234639 -14.14766 132.2003
-4.536764 -12.99193 127.6381
-0.5474427 -14.8573 133.285
-0.5524998 -15.861 134.2025
-1.074616 -14.98912 133.1634
-1.181062 -14.29465 132.3017
-1.601789 -15.06008 132.8998
-1.799469 -15.82046 133.7058
-2.534477 -15.66332 133.067
-1.642328 -14.36561 132.2712
-2.671347 -12.22649 127.2529
-3.289796 -13.5191 129.9141
-1.637271 -13.77253 131.2929
-2.118848 -13.02741 129.4529
-2.07321 -14.44167 132.1242
-2.118848 -15.10572 132.3726
-2.970416 -14.89283 131.5565
-3.497589 -15.52645 132.033
-4.085612 -14.56839 130.127
-4.891584 -15.00939 130.5275
-5.727982 -14.33013 127.8561
-2.48888 -14.06149 131.3689
0.7806455 -18.71991 134.2634
0.8566666 -18.85678 134.461
1.556193 -18.63883 133.9744
2.412859 -18.53744 133.4675
2.63085 -18.69964 133.574
3.32022 -18.40057 132.5703
3.609175 -18.55771 132.6514
4.283333 -18.19274 131.5109
5.276871 -17.82776 130.2182
5.692541 -17.91394 130.2284
6.432606 -17.21441 128.5201
0.6843547 -18.59825 133.9288
0 -18.47153 133.574
1.368668 -18.51717 133.6551
2.088464 -18.47659 133.1735
2.919763 -18.36509 132.4182
2.412859 -18.37524 132.3675
1.936381 -18.33976 132.9403
6.98009 -17.29047 128.5506
8.029379 -16.34253 126.2796
8.840408 -16.46929 126.3658
10.09243 -15.24255 123.5626
11.44589 -14.3555 121.0991
13.08826 -14.84213 120.9977
11.97812 -14.09697 119.2539
14.34029 -14.07164 118.1945
12.12515 -14.14766 117.5964
13.84859 -13.72694 116.8665
10.64497 -14.71032 119.0005
10.72609 -14.23384 116.9374
11.98322 -13.83844 115.736
11.38504 -12.54583 114.6614
11.78044 -12.338 115.7766
11.1164 -13.37212 113.967
11.04037 -14.20341 114.2559
10.06205 -14.64951 116.2125
9.615955 -14.70016 118.595
10.2344 -15.12599 120.8659
9.11415 -15.00433 120.7037
8.982336 -15.76466 123.3599
7.912777 -15.60752 123.1368
7.127075 -16.68724 126.087
6.098055 -16.66191 125.9248
5.743235 -17.56927 128.3326
5.074134 -17.64529 128.2363
4.729428 -17.94942 130.127
4.227582 -17.96969 130.1676
3.827124 -18.25864 131.4247
3.360801 -18.39551 131.3639
2.711969 -18.25864 131.3588
3.654771 -18.17752 130.1017
1.753913 -18.36003 132.4233
1.611985 -18.45127 132.0127
0.6488727 -18.40057 132.3827
4.496266 -17.75174 128.1856
0.6437745 -18.45632 132.8744
5.550612 -17.02689 125.7575
1.348399 -18.25864 133.209
0.6336603 -18.46142 133.4422
0.6032354 -18.33466 131.739
0.4765198 -18.35493 130.7454
0.4765198 -18.4969 129.6961
0.5272142 -18.79597 128.4238
0 -18.81118 128.4137
0.5120018 -16.66191 127.5672
0 -16.58585 127.41
1.647467 -18.58813 128.8953
0.623505 -16.37296 125.1391
0 -16.55037 124.911
0.9986358 -15.88632 122.5945
0 -15.52135 119.6291
2.651119 -15.99277 125.6257
2.058039 -17.17893 127.8662
1.439632 -18.3803 131.4804
2.306413 -18.59825 130.8722
2.9654 -18.33976 129.7367
1.018905 -18.30934 130.8215
1.282492 -18.39042 130.1169
3.664926 -17.92915 127.7902
4.932165 -16.93055 125.7677
7.223365 -15.89142 122.9949
6.584689 -16.12964 123.0405
8.505857 -15.22738 120.4756
9.154689 -14.8624 118.1996
8.434894 -14.73059 117.9817
9.899811 -15.28313 115.6043
10.73115 -14.86746 114.2103
10.60949 -15.23243 113.7997
3.751102 -15.19695 122.9696
1.637312 -15.03981 119.8825
2.13406 -14.06149 116.8107
2.575098 -13.6813 113.3435
0 -14.1882 112.8518
3.076903 -14.40619 109.4099
3.005939 -12.65738 107.4837
2.43317 -9.915024 109.7343
0 -8.551454 114.2356
6.30589 -12.63201 109.1869
5.834469 -10.3915 110.8952
2.063096 -8.581879 114.4992
9.504453 -12.92096 111.473
6.4833 -14.00573 110.814
6.10821 -13.50894 114.1646
9.783251 -14.55318 112.5426
8.997548 -14.467 114.9706
9.529779 -11.46106 113.2928
11.3952 -12.10989 116.5218
14.32001 -13.64076 117.566
10.80717 -12.41406 118.8839
13.10853 -13.81311 119.9028
11.72469 -13.92461 121.7175
10.21409 -12.59653 121.3373
8.227058 -13.82832 124.6474
5.058921 -9.311789 115.3812
1.733644 -9.448659 119.6139
1.287549 -10.57401 124.0036
0 -10.41687 123.9529
1.0696 -11.78044 127.1059
7.765751 -11.63847 120.7594
5.728023 -14.33013 127.8561
6.229869 -12.45966 124.4092
4.085653 -14.56839 130.127
4.536806 -12.99193 127.6381
8.61736 -11.16199 117.4545
4.222524 -9.965718 120.0498
3.436822 -11.17215 124.1608
2.671389 -12.22649 127.2529
3.289837 -13.5191 129.9141
2.118889 -13.02741 129.4529
2.488921 -14.06149 131.3689
2.970457 -14.89283 131.5565
2.118889 -15.10572 132.3726
1.60183 -15.06008 132.8998
1.79951 -15.82046 133.7058
1.074657 -14.98912 133.1634
0.5525409 -15.861 134.2025
0.5474838 -14.8573 133.285
0 -15.91675 134.2532
0 -14.82182 133.2952
0.623505 -14.14766 132.2003
0.7958578 -13.43798 130.9026
1.181103 -14.29465 132.3017
1.637312 -13.77253 131.2929
0.9783251 -12.71819 129.1943
0 -12.64216 129.1031
2.073251 -14.44167 132.1242
1.642369 -14.36561 132.2712
4.835874 -14.40109 120.3032
7.806331 -15.35915 120.4503
5.504975 -13.78774 117.5001
8.196633 -16.66191 121.3728
7.071323 -16.77847 121.8138
7.613709 -15.62783 122.1991
7.45147 -17.04206 122.7972
7.816445 -14.65962 122.6096
8.313234 -14.59881 122.412
8.130727 -14.48727 122.7871
7.948259 -14.77117 123.0557
8.460219 -14.71032 122.853
8.52107 -15.50108 121.753
7.760694 -15.87621 123.1368
8.571764 -16.9204 122.3512
8.830253 -15.74945 122.706
9.560205 -15.0905 120.1715
8.054705 -16.3172 120.2424
8.657899 -15.21722 120.6125
8.475432 -16.61122 121.2157
8.906315 -14.26427 121.018
9.235767 -14.09191 121.1954
9.048243 -14.37071 121.4641
9.570358 -14.31492 121.2663
9.408121 -14.20341 120.8203
8.825195 -15.45548 121.5502
9.590629 -16.47434 120.7747
9.909966 -15.33888 121.1244
9.180016 -16.21581 119.8014
9.833945 -15.85084 118.225
8.769444 -15.98771 118.7318
9.398005 -14.94348 119.0867
9.296618 -16.26145 119.6493
9.681863 -14.026 119.4466
10.15834 -13.96515 119.2134
10.03668 -13.85871 119.5885
9.894754 -14.12739 119.8673
10.38645 -14.06149 119.6341
10.23946 -14.79144 118.5747
9.692019 -15.16653 119.9687
10.35606 -16.10937 119.1374
10.71594 -15.02966 119.4719
9.377736 -15.54671 117.2415
10.01136 -14.6292 117.5508
9.970817 -15.76976 118.0323
10.26989 -13.83844 117.8346
10.60444 -13.6864 117.936
10.51826 -13.9145 118.1945
10.93899 -13.85365 117.9512
10.66524 -13.77253 117.5913
10.69567 -14.49237 117.0185
10.37633 -14.82182 118.3111
10.88323 -15.61768 117.5001
11.25327 -14.67989 117.789
10.29016 -15.40479 116.7093
11.26338 -14.22878 115.5282
10.06711 -15.13104 115.736
10.69061 -14.36055 116.0098
10.63992 -15.33888 116.4508
10.89335 -13.69145 116.248
11.19752 -13.56474 116.3393
11.14172 -13.76242 116.5775
11.5118 -13.70667 116.3596
11.23805 -13.6306 116.0301
11.04543 -14.53291 116.6941
11.45095 -15.20201 115.9692
11.81592 -14.40109 116.2277
10.87308 -14.99927 115.2596
3.097214 -18.07618 130.2537
2.225335 -18.9835 129.9242
2.423015 -18.10656 130.3298
2.225335 -19.23191 130.786
2.524404 -17.45267 130.7353
2.701814 -17.37661 130.9432
2.519346 -17.57433 131.1206
2.889379 -17.55912 131.0851
2.884281 -17.4324 130.6998
2.311512 -18.34988 131.151
3.041421 -19.20654 130.7151
3.097214 -18.32455 131.0851
3.036364 -18.96323 129.8533
4.425261 -17.59966 128.5708
3.522998 -18.85172 128.3225
3.629444 -17.77201 128.7432
3.680139 -19.10515 129.2957
3.614232 -16.96604 129.1842
3.832222 -16.82411 129.4072
3.675082 -17.09275 129.6201
4.126193 -17.00152 129.5441
4.045114 -16.86975 129.1082
3.619289 -18.05081 129.6658
4.693946 -18.91253 129.1234
4.577344 -17.85818 129.5035
4.52665 -18.6591 128.1603
5.226176 -18.21301 126.3151
4.111021 -18.36509 126.5889
4.420204 -17.17893 127.116
4.369509 -18.63883 127.6483
4.516536 -16.24118 127.5874
4.790236 -16.07895 127.8156
4.622982 -16.37296 128.0639
5.11973 -16.29184 127.9372
4.998072 -16.16006 127.4658
5.31741 -17.02689 126.8372
4.506381 -17.45773 128.1247
5.489763 -18.48675 127.3695
5.565825 -17.29553 127.8561
5.033554 -17.74668 124.8198
5.479649 -16.59095 125.3672
5.342778 -18.03054 125.8386
5.667173 -15.6481 125.8133
5.966283 -15.49096 126.016
5.793929 -15.75455 126.2746
6.285621 -15.70385 126.1123
6.143692 -15.59231 125.6511
6.376854 -16.4794 125.0022
5.611421 -16.85959 126.3455
6.442761 -17.92915 125.4737
6.650597 -16.75315 125.9907
6.148749 -17.65035 124.4548
7.507263 -15.95729 123.5525
6.371797 -17.35128 123.5424
6.620171 -16.12458 123.9377
6.696192 -17.50842 124.5815
6.650597 -15.12093 124.2926
7.132133 -15.03475 124.1202
6.91924 -14.9131 124.4751
6.767156 -15.1868 124.764
7.263946 -15.10062 124.5866
6.726617 -16.28172 124.9363
7.796176 -17.32086 124.1963
7.765751 -16.09921 124.5612
7.486993 -17.16881 123.1622
1.58156 -19.28256 131.1358
0.8566666 -19.20654 130.9178
1.02902 -18.37015 131.2523
0.5525409 -19.46001 131.7238
1.160833 -17.82776 131.7035
1.495384 -17.85818 131.8049
1.262222 -17.78216 131.9671
1.02902 -17.94436 132.0685
1.358513 -17.97984 132.1648
1.738701 -18.46648 131.4551
0.7401063 -18.63373 132.0279
1.287549 -19.53604 131.9366
1.454845 -18.7047 132.2408
-7.071282 -16.77847 121.8138
-8.196592 -16.66191 121.3728
-8.521029 -15.50108 121.753
-7.613667 -15.62783 122.1991
-7.45147 -17.04206 122.7972
-7.816404 -14.65962 122.6096
-8.313194 -14.59881 122.412
-8.130686 -14.48727 122.7871
-7.948218 -14.77117 123.0557
-8.460179 -14.71032 122.853
-7.760653 -15.87621 123.1368
-8.571723 -16.9204 122.3512
-8.830212 -15.74945 122.706
-8.059722 -16.3172 120.2424
-8.657899 -15.21722 120.6125
-8.475391 -16.61122 121.2157
-8.906274 -14.26427 121.018
-9.408079 -14.20341 120.8203
-9.235767 -14.09191 121.1954
-9.048202 -14.37071 121.4641
-9.570317 -14.31492 121.2663
-8.825154 -15.45548 121.5502
-9.590587 -16.47434 120.7747
-9.909925 -15.33888 121.1244
-9.179975 -16.21581 119.8014
-9.560162 -15.0905 120.1715
-8.769403 -15.98771 118.7318
-9.833904 -15.85084 118.225
-10.23942 -14.79144 118.5747
-9.397965 -14.94348 119.0867
-9.296576 -16.26145 119.6493
-9.681821 -14.026 119.4466
-10.03664 -13.85871 119.5885
-9.894712 -14.12739 119.8673
-10.3864 -14.06149 119.6341
-10.1583 -13.96515 119.2134
-9.691977 -15.16653 119.9687
-10.35602 -16.10937 119.1374
-10.7159 -15.02966 119.4719
-9.377696 -15.54671 117.2415
-10.29011 -15.40479 116.7093
-10.69563 -14.49237 117.0185
-10.01132 -14.6292 117.5508
-9.970776 -15.76976 118.0323
-10.26984 -13.83844 117.8346
-10.6652 -13.77253 117.5913
-10.60439 -13.6864 117.936
-10.51822 -13.9145 118.1945
-10.93895 -13.85365 117.9512
-10.37629 -14.82182 118.3111
-10.88319 -15.61768 117.5001
-11.25323 -14.67989 117.789
-10.06707 -15.13104 115.736
-10.69057 -14.36055 116.0098
-10.63988 -15.33888 116.4508
-10.89331 -13.69145 116.248
-11.23801 -13.6306 116.0301
-11.19748 -13.56474 116.3393
-11.14678 -13.76242 116.5775
-11.51176 -13.70667 116.3596
-11.04539 -14.53291 116.6941
-11.45091 -15.20201 115.9692
-11.81588 -14.40109 116.2277
-10.87304 -14.99927 115.2596
-11.26338 -14.22878 115.5282
-2.225294 -18.9835 129.9242
-2.422974 -18.10656 130.3298
-2.225294 -19.23191 130.786
-2.524362 -17.45267 130.7353
-2.88424 -17.4324 130.6998
-2.701773 -17.37661 130.9432
-2.519305 -17.57433 131.1206
-2.889338 -17.55912 131.0851
-2.31147 -18.34988 131.151
-3.04138 -19.20654 130.7151
-3.097173 -18.32455 131.0851
-3.036323 -18.96323 129.8533
-3.097173 -18.07618 130.2537
-3.522957 -18.85172 128.3225
-3.629403 -17.77201 128.7432
-3.680098 -19.10515 129.2957
-3.614191 -16.96604 129.1842
-4.045073 -16.86975 129.1082
-3.832181 -16.82411 129.4072
-3.675041 -17.09275 129.6201
-4.126152 -17.00152 129.5441
-3.619248 -18.05081 129.6658
-4.693905 -18.91253 129.1234
-4.577303 -17.85818 129.5035
-4.526609 -18.6591 128.1603
-4.425261 -17.59966 128.5708
-4.11098 -18.36509 126.5889
-5.226135 -18.21301 126.3151
-5.31741 -17.02689 126.8372
-4.420163 -17.17893 127.116
-4.369468 -18.63883 127.6483
-4.516495 -16.24118 127.5874
-4.790195 -16.07895 127.8156
-4.622941 -16.37296 128.0639
-5.119689 -16.29184 127.9372
-4.998031 -16.16006 127.4658
-4.50634 -17.45773 128.1247
-5.489722 -18.48675 127.3695
-5.565784 -17.29553 127.8561
-5.033513 -17.74668 124.8198
-6.148709 -17.65035 124.4548
-6.376813 -16.4794 125.0022
-5.479607 -16.59095 125.3672
-5.342737 -18.03054 125.8386
-5.667173 -15.6481 125.8133
-6.143651 -15.59231 125.6511
-5.966241 -15.49096 126.016
-5.793888 -15.75455 126.2746
-6.28558 -15.70385 126.1123
-5.61138 -16.85959 126.3455
-6.442719 -17.92915 125.4737
-6.650555 -16.75315 125.9907
-6.371756 -17.35128 123.5424
-6.62013 -16.12458 123.9377
-6.696151 -17.50842 124.5815
-6.650555 -15.12093 124.2926
-6.919199 -14.9131 124.4751
-6.767115 -15.1868 124.764
-7.263904 -15.10062 124.5866
-7.132091 -15.03475 124.1202
-6.726576 -16.28172 124.9363
-7.796135 -17.32086 124.1963
-7.765751 -16.09921 124.5612
-7.492009 -17.16881 123.1622
-7.507222 -15.95729 123.5525
-0.8921486 -19.20654 130.9178
-1.622059 -19.28256 131.1358
-1.069559 -18.37015 131.2523
-0.5930389 -19.46001 131.7238
-1.201331 -17.82776 131.7035
-1.30272 -17.78216 131.9671
-1.069559 -17.94436 132.0685
-1.399052 -17.97984 132.1648
-1.530825 -17.85818 131.8049
-0.7806044 -18.63373 132.0279
-1.328047 -19.53604 131.9366
-1.495343 -18.7047 132.2408
-1.779199 -18.46648 131.4551
