-8.710967 -15.1152 122.5203
11.54908 -13.70043 119.786
4.100315 -12.86918 113.0904
1.54078E-05 -9.964449 121.3405
-1.498402 -8.988405 113.6699
-2.833995 -12.44165 109.8316
-1.72945 -14.34442 117.0526
1.46968E-05 -15.85483 123.3458
-22.45274 -9.046822 -141.7798
-19.84646 -8.358693 -131.2231
-16.01486 -9.402035 -142.2902
-3.460519 -9.205637 -138.8314
-28.73183 -8.374985 -135.1634
-7.764182 -6.28059 -122.9519
-4.573542 -4.745873 -130.0459
-4.583687 -2.894415 -118.0703
22.78302 -8.937244 -141.6818
16.01482 -9.402035 -142.2902
7.76615 -9.297223 -139.9286
19.84642 -8.358693 -131.2231
7.322185 -5.69252 -130.786
7.703199 -8.146838 -122.3804
-1.370907E-05 1.422721 -118.1354
-1.645088E-05 -1.761997 -123.9682
0.8583455 -3.940313 -129.4807
1.154461 -5.698862 -135.2125
-12.99193 -24.40229 -21.02126
-11.07076 -22.62305 -30.80448
-10.57907 -17.89367 -47.10647
-9.965718 -16.55037 -56.34223
-14.17809 3.32022 -71.70648
-13.78946 -5.881751 -70.46287
-14.6174 -9.637912 -62.95395
-15.54164 -11.85391 -54.94573
-15.07024 -14.40619 -46.93921
-14.34283 -16.63654 -39.25201
-17.56587 -5.839512 -54.64076
-16.0308 -3.882876 -62.75457
-18.19781 0.717267 -55.01925
-16.49971 3.32022 -63.64672
-19.71598 6.242512 -46.6452
-22.13136 4.156617 -37.27256
-15.71401 -17.53885 -31.58006
-19.30455 -6.006807 -46.17715
-19.54619 -11.26844 -37.91128
-21.83739 -6.457932 -37.26751
-21.3406 -12.19101 -29.16211
-18.08629 -19.00381 -20.48899
-23.10969 -12.88548 -19.85537
-24.10322 -13.37212 -10.99979
-24.08296 -6.77727 -28.30544
-22.59773 -1.449747 -37.14075
-26.12578 -6.731674 -19.38901
-24.85345 -1.571405 -27.99116
-24.18435 4.475955 -28.06212
-21.08717 9.615955 -37.48545
-16.54531 13.2403 -46.50327
-14.73736 12.13525 -54.98713
-15.05502 8.703537 -63.30201
-11.83113 13.43292 -62.02972
-11.456 9.76294 -70.59129
-12.51545 -4.663521 -77.40913
-12.4597 1.586618 -79.66486
-11.15188 -0.6640441 -87.77531
-10.08232 6.782368 -79.91322
-9.321943 4.26812 -88.01863
-12.60162 17.61487 -46.21941
-9.560205 23.55578 -36.31451
-10.50305 25.66957 -27.11422
0 32.2897 -9.542442
0 30.45218 -17.72131
-1.037121E-05 28.30293 -26.31588
0 25.93569 -35.3362
-4.497925 22.54535 -45.29007
-3.958924 20.01927 -54.98713
-3.325291 17.58784 -64.00665
-3.085359 14.72385 -71.82139
-2.943417 12.34647 -79.61923
-1.41299 10.06456 -87.50665
-7.836715 2.590269 -96.33183
-3.203633 4.411748 -102.9182
-5.971339 -0.7704901 -110.1398
-7.432899 -2.468611 -103.7884
-6.359113 -7.867119 -110.1905
-5.824334 -8.937549 -117.1605
-4.114365 -12.76381 -110.4406
-2.595354 -15.63458 -103.3102
-5.935844 -13.45319 -95.0088
-6.579618 -10.18875 -103.246
-8.774501 -6.550865 -95.55963
-9.1834 -9.561889 -86.87807
-7.722677 -13.96391 -78.92772
-6.6227 -14.3859 -86.75135
-10.19382 -12.89054 -71.6524
0 -17.73147 -83.50719
-3.573666 -17.16373 -70.30573
-4.602684 -17.04377 -64.24994
-5.160269 -18.12683 -57.78692
0 -19.98719 -51.82574
-5.195751 -19.62727 -50.75618
0 -22.13646 -45.29179
-4.916952 -21.76639 -44.37933
0 -24.22994 -38.61081
-7.013002 -22.3164 -39.31792
-6.037205 -25.59861 -30.84505
-6.91924 -27.88981 -21.44705
0 -28.89852 -21.60929
-7.309542 -29.71465 -11.40025
0 -32.98417 -1.946495
-13.7472 -25.67969 -11.17721
-7.735326 -31.10864 -1.809624
-21.10234 -31.47362 56.35239
-20.54474 -31.2759 45.9254
-10.61961 -36.24355 44.06505
-17.91394 -32.39615 35.77212
0 -38.17993 43.18305
-9.833904 -36.20806 33.87632
0 -38.0988 33.00444
-9.453716 -35.63019 24.99537
0 -35.69104 15.61262
-9.129321 -33.91686 16.24624
-8.460219 -32.27449 7.314599
-19.06967 -19.69823 -10.91868
-14.66468 -26.31331 -1.566348
-19.97703 -20.45351 -1.905956
-21.97422 -22.49634 6.554264
-28.03679 -7.051013 -10.95416
-27.04326 -1.317933 -19.13558
-25.21842 -14.64441 -2.737254
-29.52708 -7.497107 -2.468611
-31.33675 -8.22196 6.06763
-16.1398 -27.41839 7.694787
-18.55771 -29.47133 18.2637
-18.56277 -31.47362 28.19899
-23.44424 -29.2128 36.01544
-25.55803 -27.60086 52.02851
-26.24744 -26.65295 43.87246
-24.55438 -27.72252 26.54145
-25.62393 -23.64701 15.63795
-27.63128 -16.00798 5.875008
-30.6727 -16.82916 14.88773
-33.18185 -8.784616 14.82186
-32.72564 -16.40844 24.1235
-34.43392 -8.688324 24.07284
-34.98136 -8.424738 33.73945
-29.13172 -22.80556 24.81291
-28.01143 -25.60367 34.80395
-33.86111 -15.63795 32.96896
-31.37223 -20.86412 33.2934
-30.09484 -22.35947 43.44664
-33.25787 -16.49967 42.13882
-34.70762 -8.429794 44.24755
-33.71408 -8.490604 54.94828
-31.50906 -2.39259 65.55267
-32.71549 -1.353415 55.1409
-29.35728 7.497087 55.93166
-33.5671 -0.7197956 44.39964
-33.94728 -0.4004575 33.92701
-31.64593 6.589746 44.73418
-33.48092 -0.1672959 24.16407
-32.55329 7.091552 34.15512
-32.39109 7.71 24.38708
-29.82615 14.78128 15.55177
-28.6552 14.67484 6.569477
-31.86898 8.115514 15.13614
-32.83715 -0.1267156 14.99417
-30.79436 7.968529 6.366699
-31.61045 -0.2179492 6.386968
-30.22155 -0.2838561 -2.052941
-28.8833 -0.7451634 -10.54864
-29.57272 7.375449 -2.063096
-28.1534 6.214615 -10.50301
-26.46539 5.07915 -19.11025
-22.78529 10.61455 -28.16351
-11.20257 27.51974 -18.04065
-17.52363 14.9739 -37.33337
-13.42281 20.20514 -36.96334
-24.55943 11.80577 -19.13558
-18.71485 16.45407 -27.92529
-14.62924 22.03507 -27.60592
-26.02945 12.9615 -10.47768
-19.85537 17.76189 -18.73006
-15.81536 23.19081 -18.30934
-27.39302 14.05133 -2.007345
-21.72079 18.94801 -10.09749
-23.32258 19.68812 -1.520711
-16.75315 24.05759 -9.215498
-10.75142 29.45612 -7.704901
-24.5848 20.19502 7.218308
-17.56927 24.41751 -0.6386763
-18.54756 24.66588 8.186478
-20.0024 24.95989 17.16372
-25.91795 20.33695 16.23103
-30.48008 14.33013 24.87371
-26.6935 20.14433 25.4161
-30.7183 13.85365 34.66203
-26.63269 19.81483 34.70766
-24.99032 20.06827 44.52636
-12.65228 29.30913 -0.136871
-20.78806 24.92441 26.19169
-12.90069 29.97823 9.225653
-13.66103 30.36348 18.27891
-14.21357 30.66255 27.25109
-20.28116 25.14746 35.00163
-13.82832 30.64734 36.26381
-19.00886 25.77602 44.28304
-12.81452 30.33815 44.67839
-4.559583 33.633 45.75053
-1.19944 32.79155 54.28676
-11.21269 29.66901 55.21693
-17.49827 25.90779 54.71512
-29.14183 13.4684 48.12027
-22.13136 21.05169 54.81647
-28.22434 5.41627 65.70221
-27.24771 13.05782 57.11951
-26.25587 10.44895 66.35191
-26.44511 4.622955 75.24128
-32.02528 -11.95108 76.56894
-26.88231 -20.32047 84.08823
-27.41835 -23.49791 76.42743
-28.58677 -1.409187 75.18637
-27.69547 -2.987342 83.18613
-25.81656 3.190955 84.44748
-22.59773 11.08597 84.17124
-23.30569 12.41066 75.3376
-23.93593 15.33127 66.12549
-19.98209 21.32033 65.32457
-15.51123 25.38062 65.61858
-19.61966 18.33213 75.15849
-18.40563 16.84438 83.65671
-14.11724 23.9613 75.80731
0 31.44825 64.22964
-8.977238 28.94921 66.33332
-13.20988 21.91341 85.04311
-7.938104 27.08889 76.65891
-7.527491 24.88387 86.08225
0 25.78108 86.43201
-7.040857 22.20233 93.98993
-17.16877 15.21216 90.77615
-12.04908 19.65264 92.79362
-21.3406 9.757883 91.69873
-19.81483 7.998913 98.10091
-22.59773 2.767679 97.22397
-25.2488 0.7012117 91.05496
-27.27897 -5.512561 89.47849
-29.03284 -13.90308 86.44975
-11.31408 -36.43111 55.34874
-20.30143 -32.17315 67.95032
0 -37.22187 66.17618
-11.56245 -36.33478 66.95679
-20.37749 -30.17591 78.79803
-23.06575 -23.88865 87.76685
-18.02544 -29.48654 85.49932
-15.94968 -27.39557 92.4388
-21.29497 0.9428431 102.5566
-25.24628 -4.44553 96.11383
-25.11532 -18.59995 91.99273
-23.06913 -4.886548 103.1243
-26.79486 -12.84239 92.83167
-24.63546 -9.296618 100.7013
-10.9491 -35.1892 76.51698
-9.915024 -33.69381 83.03067
-8.916389 -31.72199 88.08955
0 -31.83855 92.29686
-7.434558 -30.03568 97.89475
-13.9432 -26.81516 99.11639
-20.25752 -22.99143 95.64074
-24.29585 -14.40109 100.3972
-21.91677 -18.87706 100.2231
-21.30131 -15.69371 105.9465
-20.39712 -7.379507 109.9088
-18.35493 6.163921 103.7478
-8.118913 -11.28028 -129.6015
-16.05701 -8.487812 -126.4272
-6.491408 -11.89296 -124.2976
-3.244189 -13.51023 -118.5063
-31.16793 -8.868819 -143.1511
-76.85146 -18.65483 48.28848
-61.37198 -18.69796 45.35345
-55.61716 -18.70092 46.25827
-46.65532 -16.18033 61.96381
-40.99324 -16.38817 56.55517
-66.58969 -18.54546 65.67538
-40.94254 -15.51123 64.60983
-53.00935 -18.69204 71.45557
-33.78633 -11.83238 66.55508
-29.81673 -17.39039 80.78223
-37.31987 -18.14713 77.4311
-38.77553 -18.31439 71.95488
-45.3002 -18.32792 75.1078
-60.61374 -18.55095 70.97485
-71.9082 -18.57901 60.23222
-67.10526 -18.71845 43.76601
-49.49062 -18.6726 45.16843
-50.69027 -18.68953 51.2555
-43.82006 -18.76216 46.25827
-45.41848 -18.75286 52.99161
-39.1954 -19.06799 49.42132
-69.11873 -18.69964 52.28957
-63.46676 -18.67684 55.3386
-57.71849 -18.74273 57.65768
-59.38366 -18.64389 65.55775
-51.93724 -18.71485 59.64474
-45.62124 -21.18852 61.55829
-39.85268 -21.36597 55.33353
-30.55512 -21.16445 56.66028
-45.8316 -18.47916 69.80053
-39.39647 -21.65488 64.10293
-27.63632 -25.41442 67.41639
-0.01583946 55.93103 16.94893
-2.656176 47.69955 18.81624
-5.080424 36.84676 18.84032
-4.417655 34.84198 40.41285
3.449619E-06 39.7169 36.02685
-4.786838 37.26751 27.22744
-4.704071 36.42731 10.69058
0 -29.07933 111.6724
-6.152511 -28.04948 112.2663
-6.56691 -23.50339 124.6276
-9.553421 -25.05219 116.862
-11.3394 -27.08889 108.4367
-18.65907 -21.95058 103.0415
-18.4166 -18.77398 109.8045
-17.85479 -7.047642 117.0658
-4.532372 -14.74219 128.4457
-12.37347 -7.717598 125.7474
-13.66356 -0.9377859 122.0901
-12.09974 7.132133 116.5116
-17.04712 0.6564379 114.5854
-17.09781 4.52665 109.4454
-13.09328 9.250979 110.7279
-14.01079 11.27859 105.0658
-15.26792 13.14401 98.94235
-8.561567 18.64389 99.63173
-7.446372 15.65822 106.5358
0 15.56698 112.8771
-7.0358 13.52926 112.0864
-6.559321 11.15188 117.7079
-10.96427 4.496225 121.976
-6.680959 0.8858171 128.7368
-8.383424 -6.209564 129.9771
-0.8195987 -9.058388 134.8333
0 12.92096 118.2655
-5.966241 7.988799 123.6741
0 9.266192 124.2926
-2.528166 -3.325283 132.4695
-12.97637 -13.88322 118.7719
1.27358 -12.66496 -129.4883
2.179665 -13.2545 -123.7025
16.05698 -8.487812 -126.4272
27.35733 -8.340891 -133.9257
30.85163 -8.738911 -141.0856
66.26974 -18.61453 64.6998
46.65536 -16.18033 61.96381
40.94254 -15.51123 64.60983
40.99324 -16.38817 56.55512
61.50549 -18.75625 46.31042
67.10529 -18.71845 43.76598
55.61717 -18.70092 46.2589
43.82006 -18.76216 46.25826
49.49062 -18.6726 45.1684
50.69029 -18.68953 51.25546
76.31372 -18.6889 47.65249
76.29801 -18.63475 54.95129
53.00938 -18.69204 71.45557
71.90824 -18.57901 60.23222
59.38368 -18.64389 65.55773
60.61377 -18.55095 70.97483
45.30023 -18.32792 75.1078
37.31989 -18.14713 77.4311
32.02528 -11.95108 76.56894
33.71497 -11.90883 66.82162
33.3679 -15.99887 57.87969
39.19543 -19.06799 49.42132
69.11876 -18.69964 52.28954
63.46678 -18.67684 55.33856
57.71849 -18.74273 57.65766
51.93728 -18.71485 59.64471
45.41852 -18.75286 52.99161
45.62128 -21.18852 61.55826
45.83164 -18.47916 69.80053
39.85272 -21.36597 55.33353
39.39651 -21.65488 64.10293
38.77553 -18.31439 71.95486
27.55019 -25.38442 67.49284
27.41839 -23.49791 76.42743
4.569689E-06 73.25873 22.7881
0.2205052 64.98833 25.89934
0.1992132 56.08881 26.36654
0 48.38287 30.99913
4.417655 34.84198 40.41285
4.588723 37.16232 27.35374
4.704071 36.42731 10.69058
0.5204166 48.02567 25.8098
5.080435 36.84676 18.84032
2.656176 47.69955 18.81624
-1.986822E-08 64.87344 19.2961
0.3201947 47.53904 9.097731
3.14502E-06 84.29012 18.74514
5.875315E-06 73.19098 15.17522
0 65.04504 13.42424
0.06861317 36.05456 0.445381
0 56.15571 9.559175
29.83263 -22.32414 56.37607
25.55803 -27.60086 52.02851
28.23788 -19.7802 81.49056
17.09785 4.52665 109.4454
21.29501 0.9428431 102.5566
19.63743 -16.54784 109.6727
21.89314 -10.37934 106.5135
23.06917 -4.886548 103.1243
24.6355 -9.296618 100.7013
25.24632 -4.44553 96.11383
26.25588 10.44895 66.35191
22.59773 2.767679 97.22397
18.35497 6.163921 103.7478
24.59494 2.714456 91.53906
19.81483 7.998913 98.10091
21.3406 9.757883 91.69873
22.59773 11.08597 84.17124
18.40565 16.84438 83.65671
17.16881 15.21216 90.77615
13.20992 21.91341 85.04311
15.26792 13.14401 98.94235
14.01079 11.27859 105.0658
13.09332 9.250979 110.7279
12.09978 7.132133 116.5116
19.64448 -3.9589 111.8417
18.55874 -12.47759 113.971
17.85483 -7.047642 117.0658
10.96431 4.496225 121.976
13.21498 -3.013546 123.4321
7.855326 -2.528597 129.2678
15.8752 -18.93078 115.582
24.29585 -14.40109 100.3972
23.62845 -18.52392 95.91785
24.34994 -23.69434 84.67981
21.72586 -23.42737 91.54834
26.6593 -18.93915 87.54086
27.45218 -13.13385 91.02961
27.27899 -5.512561 89.47849
29.58793 -15.06617 83.84376
28.33083 -4.977781 83.02055
28.58679 -1.409187 75.18635
26.38938 1.2115 83.90763
26.44512 4.622955 75.24128
31.5091 -2.39259 65.55267
20.94354 16.38985 75.24805
28.22436 5.41627 65.70221
32.71553 -1.353415 55.1409
33.71412 -8.490604 54.94828
28.68226 9.286462 56.8255
23.93597 15.33127 66.12549
26.50342 14.74327 57.41687
26.6935 20.14433 25.4161
20.0024 24.95989 17.16372
20.7881 24.92441 26.19165
26.63269 19.81483 34.70762
29.14183 13.4684 48.12027
30.7183 13.85365 34.66203
31.64597 6.589746 44.73418
33.94728 -0.4004575 33.92701
33.5671 -0.7197956 44.3996
34.70766 -8.429794 44.24755
30.09484 -22.35947 43.44664
26.24744 -26.65295 43.87243
23.44428 -29.2128 36.01544
18.56277 -31.47362 28.19899
17.91394 -32.39615 35.77212
20.54479 -31.2759 45.9254
21.10238 -31.47362 56.35239
20.30147 -32.17315 67.95032
17.146 -21.26456 109.8053
20.37749 -30.17591 78.79803
18.02548 -29.48654 85.49932
15.2561 -27.15817 94.65396
18.65911 -21.95058 103.0415
13.30113 -26.83545 101.3451
11.33944 -27.08889 108.4367
8.661713 -26.44512 114.266
10.45405 -23.78979 118.4742
5.22757 -24.63547 124.329
10.35492 -9.38559 128.4131
6.287456 -9.145446 132.4767
0.5280472 -16.80357 131.8107
2.528191 -3.325283 132.4695
1.366933E-05 2.167857 129.7883
5.966283 7.988799 123.6741
6.559321 11.15188 117.7079
7.035841 13.52926 112.0864
0 16.91028 107.2049
7.446413 15.65822 106.5358
12.04908 19.65264 92.79362
8.561609 18.64389 99.63173
0 19.54619 101.1677
0 22.63321 94.72999
7.040898 22.20233 93.98993
7.527532 24.88387 86.08225
14.11724 23.9613 75.80731
7.938104 27.08889 76.65891
19.98213 21.32033 65.32457
22.1314 21.05169 54.81647
15.51123 25.38062 65.61858
17.49831 25.90779 54.71508
11.21269 29.66901 55.21693
0 28.36123 77.11513
8.977279 28.94921 66.33332
0 36.11176 42.40074
4.559583 33.633 45.75053
10.08228 6.782368 -79.91322
12.45966 1.586618 -79.66486
10.26224 -10.85534 -79.29735
12.51541 -4.663521 -77.40913
14.25664 -4.141384 -70.23138
14.17805 3.32022 -71.70648
16.49967 3.32022 -63.64672
18.19781 0.717267 -55.01925
15.71567 -5.802345 -62.78329
17.56587 -5.839512 -54.64076
19.41438 -6.034687 -46.14464
23.10969 -12.88548 -19.85537
22.13136 4.156617 -37.27256
22.59773 -1.449747 -37.14079
21.3406 -12.19101 -29.16211
21.83735 -6.457932 -37.26751
19.54615 -11.26844 -37.91128
15.71397 -17.53885 -31.58006
15.0702 -14.40619 -46.93921
15.54164 -11.85391 -54.94573
12.38362 -13.05782 -63.42369
9.965718 -16.55037 -56.34223
12.55259 -18.11333 -39.53335
10.57907 -17.89367 -47.10647
11.07076 -22.62305 -30.80448
18.08629 -19.00381 -20.48903
12.99193 -24.40229 -21.02126
13.7472 -25.67969 -11.17721
18.55771 -29.47133 18.2637
24.55438 -27.72252 26.54141
28.01147 -25.60367 34.80395
29.13172 -22.80556 24.81291
33.25792 -16.49967 42.13882
31.37223 -20.86412 33.29335
33.86111 -15.63795 32.96896
34.98136 -8.424738 33.73945
33.48092 -0.1672959 24.16403
32.55329 7.091552 34.15512
32.39109 7.71 24.38708
30.48008 14.33013 24.87371
25.91795 20.33695 16.23103
29.82615 14.78128 15.55177
24.5848 20.19502 7.218308
28.6552 14.67484 6.569477
31.86898 8.115514 15.1361
34.43392 -8.688324 24.0728
16.1398 -27.41839 7.694787
25.62393 -23.64701 15.63795
14.66468 -26.31331 -1.566348
21.97422 -22.49634 6.554264
19.97703 -20.45351 -1.905956
19.06967 -19.69823 -10.91868
32.72564 -16.40844 24.1235
30.6727 -16.82916 14.88773
33.18185 -8.784616 14.82182
27.63128 -16.00798 5.875008
32.83719 -0.1267156 14.99417
24.99032 20.06827 44.52636
31.33675 -8.22196 6.06763
25.21842 -14.64441 -2.737296
24.10322 -13.37212 -10.99979
29.52708 -7.497107 -2.468611
24.08296 -6.77727 -28.30544
28.03679 -7.051013 -10.95416
26.12578 -6.731674 -19.38905
31.61045 -0.2179492 6.386968
30.79436 7.968529 6.366699
30.22155 -0.2838561 -2.052941
29.57272 7.375449 -2.063096
28.8833 -0.7451634 -10.54864
24.85345 -1.571405 -27.9912
27.04326 -1.317933 -19.13558
24.18435 4.475955 -28.06216
28.1534 6.214615 -10.50305
26.46539 5.07915 -19.11025
24.55943 11.80577 -19.13558
19.00886 25.77602 44.28304
12.81452 30.33815 44.67839
20.2812 25.14746 35.00163
13.82832 30.64734 36.26381
14.21357 30.66255 27.25109
13.66103 30.36348 18.27891
18.54756 24.66588 8.186478
12.90069 29.97823 9.225612
12.65228 29.30913 -0.136871
17.56927 24.41751 -0.6387174
27.39302 14.05133 -2.007345
23.32258 19.68812 -1.520711
26.02945 12.9615 -10.47768
21.72079 18.94801 -10.09749
19.85537 17.76189 -18.73006
21.08717 9.615955 -37.48545
22.78529 10.61455 -28.16351
18.71485 16.45407 -27.92529
11.456 9.76294 -70.59129
15.05502 8.703537 -63.30201
16.31466 10.33828 -55.10034
19.71598 6.242512 -46.6452
17.52363 14.9739 -37.33341
16.54531 13.2403 -46.50327
11.49993 15.63795 -54.9449
11.83109 13.43292 -62.02972
12.60158 17.61487 -46.21941
13.41771 20.20514 -36.96334
9.560162 23.55578 -36.31451
14.6292 22.03507 -27.60592
15.81536 23.19081 -18.30934
10.50301 25.66957 -27.11422
16.75315 24.05759 -9.215498
11.20253 27.51974 -18.04069
10.75142 29.45612 -7.704942
4.497911 22.54535 -45.29007
3.958897 20.01927 -54.98713
3.325277 17.58784 -64.00665
3.085332 14.72385 -71.82139
2.943417 12.34647 -79.61923
4.060286 9.372639 -87.64857
9.321943 4.26812 -88.01863
-1.722574E-05 8.170845 -94.93276
11.15184 -0.6640441 -87.77531
9.844039 -7.892487 -86.84766
7.836715 2.590269 -96.33183
3.203619 4.411748 -102.9182
0 3.223916 -111.2939
4.583645 -2.894415 -118.0703
5.971299 -0.7704901 -110.1398
7.432873 -2.468611 -103.7884
8.774474 -6.550865 -95.55963
6.579577 -10.18875 -103.246
5.935816 -13.45319 -95.0088
5.726295 -9.617627 -110.2345
3.244158 -13.51023 -118.5063
1.115186 -14.99166 -110.937
2.595326 -15.63458 -103.3102
0 -16.78355 -94.90573
6.622659 -14.3859 -86.75135
10.19381 -12.89054 -71.6524
6.082822 -15.78242 -78.48122
0 -17.7061 -74.70226
3.573666 -17.16373 -70.30573
4.602671 -17.04377 -64.24994
0 -18.57798 -58.31915
5.160269 -18.12683 -57.78692
5.195751 -19.62727 -50.75618
4.916952 -21.76639 -44.37933
7.013002 -22.3164 -39.31794
0 -26.55662 -30.93629
6.037205 -25.59861 -30.84505
6.91924 -27.88981 -21.44705
7.309542 -29.71465 -11.40025
0 -31.09343 -11.49149
7.735326 -31.10864 -1.809624
0 -34.24635 7.025686
8.460219 -32.27449 7.314599
9.129321 -33.91686 16.24624
0 -37.32832 24.09817
9.453757 -35.63019 24.99537
9.833904 -36.20806 33.87632
10.61961 -36.24355 44.06505
0 -37.97209 54.59852
11.31408 -36.43111 55.34874
11.56245 -36.33478 66.95679
0 -36.06108 75.39674
10.9491 -35.1892 76.51698
0 -34.54037 81.64178
9.915024 -33.69381 83.03067
0 -32.95881 86.97945
8.916429 -31.72199 88.08955
0 -30.87544 99.79395
7.434586 -30.03568 97.89475
5.951056 -29.15706 107.3316
4.028874 -27.52483 116.5978
1.497702E-05 -26.03453 124.2304
1.71264E-05 -23.6749 129.4968
